2 0.744375 0.450000 0.088750 0.120000
2 0.618750 0.309167 0.050000 0.058333
2 0.477500 0.236667 0.025000 0.033333
0 0.514375 0.244167 0.023750 0.025000
0 0.501250 0.261667 0.027500 0.030000
0 0.521875 0.284167 0.031250 0.031667
0 0.553125 0.309167 0.041250 0.045000
0 0.586250 0.330000 0.052500 0.060000
0 0.620000 0.364167 0.060000 0.061667
0 0.666250 0.411667 0.070000 0.070000
0 0.278125 0.414167 0.051250 0.061667
0 0.296875 0.331667 0.041250 0.043333
0 0.307500 0.289167 0.030000 0.031667
3 0.883750 0.576667 0.232500 0.286667
4 0.855000 0.425833 0.020000 0.028333
