0 0.354375 0.666667 0.103750 0.140000
0 0.612500 0.311667 0.047500 0.046667
0 0.599375 0.349167 0.058750 0.061667
0 0.663125 0.408333 0.068750 0.076667
0 0.766250 0.493333 0.105000 0.103333
0 0.970625 0.604167 0.058750 0.108333
0 0.287500 0.384167 0.047500 0.051667
0 0.304375 0.319167 0.033750 0.038333
0 0.314375 0.279167 0.023750 0.031667
3 0.360625 0.243333 0.048750 0.090000
0 0.447500 0.314167 0.045000 0.051667
2 0.760000 0.405833 0.087500 0.091667
3 0.376875 0.290833 0.036250 0.051667
3 0.515625 0.267500 0.056250 0.065000
0 0.478125 0.249167 0.023750 0.028333
0 0.545625 0.264167 0.016250 0.031667
0 0.495625 0.230833 0.018750 0.021667
