0 0.352500 0.250000 0.020000 0.026667
0 0.444375 0.291667 0.038750 0.040000
0 0.383750 0.221667 0.017500 0.020000
0 0.313750 0.260000 0.022500 0.020000
0 0.313125 0.280000 0.026250 0.033333
0 0.301250 0.317500 0.030000 0.041667
0 0.290625 0.385000 0.048750 0.053333
0 0.277500 0.418333 0.052500 0.070000
0 0.468750 0.338333 0.045000 0.043333
0 0.387500 0.362500 0.047500 0.048333
2 0.376875 0.296667 0.036250 0.050000
2 0.490625 0.557500 0.133750 0.185000
2 0.710000 0.421667 0.090000 0.113333
0 0.811875 0.520000 0.118750 0.123333
3 0.950000 0.625833 0.100000 0.355000
3 0.597500 0.318333 0.127500 0.156667
3 0.522500 0.270000 0.070000 0.083333
0 0.480625 0.252500 0.023750 0.031667
