0 0.278125 0.419167 0.063750 0.065000
0 0.295625 0.334167 0.041250 0.051667
0 0.340000 0.873333 0.250000 0.253333
4 0.364375 0.292500 0.021250 0.041667
0 0.455000 0.340000 0.050000 0.053333
0 0.415000 0.262500 0.035000 0.038333
0 0.530000 0.290833 0.040000 0.041667
0 0.558750 0.312500 0.045000 0.051667
0 0.578125 0.340000 0.041250 0.060000
0 0.852500 0.488333 0.100000 0.106667
0 0.891875 0.618333 0.158750 0.156667
0 0.945625 0.557500 0.108750 0.128333
3 0.683125 0.375000 0.211250 0.253333
0 0.479375 0.246667 0.031250 0.033333
