0 0.386250 0.319167 0.035000 0.045000
0 0.411250 0.262500 0.025000 0.028333
0 0.435625 0.297500 0.033750 0.041667
0 0.356875 0.242500 0.021250 0.025000
0 0.369375 0.271667 0.026250 0.030000
0 0.310000 0.282500 0.032500 0.041667
0 0.304375 0.322500 0.033750 0.045000
0 0.280625 0.422500 0.056250 0.061667
0 0.488125 0.356667 0.056250 0.060000
0 0.520000 0.293333 0.030000 0.036667
0 0.548750 0.308333 0.045000 0.056667
0 0.586875 0.342500 0.051250 0.061667
0 0.678750 0.424167 0.070000 0.075000
0 0.761250 0.480833 0.107500 0.111667
0 0.870000 0.587500 0.157500 0.171667
4 0.700625 0.601667 0.051250 0.113333
3 0.482500 0.233333 0.035000 0.060000
