0 0.280625 0.421667 0.061250 0.066667
0 0.296250 0.341667 0.042500 0.046667
0 0.378750 0.321667 0.047500 0.053333
0 0.403125 0.274167 0.031250 0.038333
0 0.625000 0.379167 0.065000 0.061667
0 0.680000 0.420000 0.085000 0.090000
0 0.809375 0.441667 0.103750 0.106667
0 0.766875 0.501667 0.111250 0.106667
0 0.873750 0.591667 0.140000 0.136667
0 0.973125 0.729167 0.053750 0.135000
3 0.583125 0.306667 0.093750 0.116667
2 0.675625 0.341667 0.078750 0.100000
0 0.530000 0.299167 0.027500 0.041667
0 0.519375 0.251667 0.028750 0.033333
0 0.360000 0.249167 0.025000 0.031667
