0 0.286250 0.385000 0.057500 0.060000
0 0.300000 0.339167 0.047500 0.041667
0 0.306875 0.316667 0.036250 0.033333
0 0.520625 0.286667 0.031250 0.040000
0 0.536875 0.301667 0.038750 0.040000
0 0.563750 0.264167 0.032500 0.038333
0 0.565625 0.321667 0.043750 0.056667
0 0.591875 0.346667 0.053750 0.063333
0 0.618125 0.376667 0.063750 0.073333
0 0.811250 0.459167 0.090000 0.085000
0 0.806250 0.532500 0.130000 0.145000
0 0.923125 0.651667 0.153750 0.163333
2 0.930000 0.524167 0.140000 0.195000
2 0.668125 0.404167 0.081250 0.095000
0 0.730000 0.461667 0.100000 0.113333
