0 0.351250 0.210833 0.020000 0.021667
0 0.366875 0.265833 0.026250 0.028333
0 0.315000 0.280000 0.027500 0.033333
0 0.293750 0.380000 0.052500 0.046667
0 0.282500 0.415833 0.055000 0.065000
0 0.554375 0.476667 0.091250 0.090000
0 0.477500 0.214167 0.017500 0.018333
0 0.526875 0.253333 0.026250 0.033333
0 0.611250 0.315000 0.050000 0.043333
0 0.616875 0.364167 0.051250 0.058333
0 0.695000 0.372500 0.057500 0.051667
0 0.660000 0.402500 0.060000 0.071667
0 0.722500 0.450000 0.095000 0.106667
0 0.796875 0.520000 0.101250 0.106667
0 0.965625 0.704167 0.068750 0.151667
4 0.893750 0.620833 0.072500 0.141667
