0 0.385000 0.321667 0.037500 0.043333
0 0.388125 0.469167 0.068750 0.091667
0 0.280625 0.421667 0.056250 0.063333
0 0.406875 0.259167 0.026250 0.028333
0 0.356250 0.231667 0.017500 0.016667
0 0.888750 0.609167 0.142500 0.145000
0 0.719375 0.447500 0.101250 0.095000
0 0.521250 0.289167 0.030000 0.035000
0 0.543125 0.256667 0.021250 0.026667
0 0.536250 0.306667 0.032500 0.036667
3 0.581250 0.309167 0.077500 0.118333
3 0.635000 0.351667 0.092500 0.126667
3 0.506250 0.246667 0.052500 0.080000
1 0.490625 0.200833 0.031250 0.015000
