0 0.282500 0.388333 0.045000 0.056667
0 0.390000 0.350000 0.047500 0.053333
0 0.408125 0.737500 0.133750 0.188333
0 0.371875 0.293333 0.036250 0.043333
0 0.358125 0.255000 0.021250 0.026667
0 0.357500 0.233333 0.020000 0.016667
0 0.348125 0.204167 0.013750 0.018333
0 0.910625 0.629167 0.156250 0.175000
0 0.943125 0.562500 0.113750 0.115000
0 0.788750 0.515833 0.120000 0.131667
0 0.809375 0.455833 0.091250 0.075000
0 0.691875 0.426667 0.078750 0.083333
0 0.733125 0.400833 0.068750 0.068333
0 0.641250 0.385833 0.062500 0.058333
0 0.675625 0.360833 0.066250 0.051667
0 0.596875 0.345833 0.058750 0.065000
0 0.635000 0.327500 0.045000 0.048333
0 0.561250 0.325000 0.040000 0.050000
0 0.601875 0.306667 0.033750 0.023333
0 0.576250 0.293333 0.030000 0.026667
0 0.538750 0.309167 0.030000 0.035000
0 0.521250 0.285000 0.032500 0.043333
0 0.485625 0.254167 0.021250 0.028333
0 0.474375 0.245000 0.021250 0.030000
