0 0.276875 0.413333 0.048750 0.066667
0 0.284375 0.370000 0.046250 0.023333
0 0.297500 0.336667 0.042500 0.040000
0 0.310625 0.291667 0.031250 0.030000
3 0.481875 0.232500 0.053750 0.068333
0 0.507500 0.275833 0.022500 0.031667
0 0.860000 0.584167 0.137500 0.138333
0 0.951875 0.701667 0.096250 0.176667
0 0.947500 0.571667 0.105000 0.116667
0 0.838750 0.473333 0.085000 0.090000
3 0.745625 0.445000 0.113750 0.170000
3 0.661250 0.403333 0.067500 0.100000
2 0.579375 0.327500 0.048750 0.061667
0 0.616875 0.355833 0.061250 0.075000
0 0.551250 0.308333 0.037500 0.046667
0 0.665000 0.341667 0.052500 0.043333
0 0.528750 0.290000 0.030000 0.043333
0 0.621875 0.308333 0.038750 0.030000
0 0.571250 0.283333 0.030000 0.023333
