0 0.280625 0.421667 0.056250 0.063333
0 0.308750 0.283333 0.030000 0.033333
0 0.763125 0.495833 0.093750 0.098333
0 0.859375 0.590833 0.123750 0.121667
0 0.603750 0.363333 0.042500 0.056667
3 0.692500 0.375000 0.150000 0.190000
3 0.577500 0.315833 0.082500 0.088333
3 0.432500 0.373333 0.097500 0.170000
2 0.965000 0.675833 0.070000 0.198333
0 0.520000 0.252500 0.022500 0.025000
0 0.526875 0.296667 0.018750 0.040000
0 0.510625 0.280833 0.026250 0.031667
0 0.481875 0.255000 0.023750 0.026667
0 0.495000 0.271667 0.020000 0.030000
1 0.521250 0.226667 0.042500 0.043333
