0 0.278750 0.424167 0.060000 0.071667
0 0.303125 0.323333 0.038750 0.046667
0 0.368750 0.295833 0.037500 0.051667
0 0.412500 0.270000 0.032500 0.033333
0 0.440625 0.290833 0.038750 0.041667
0 0.402500 0.354167 0.052500 0.058333
0 0.459375 0.476667 0.093750 0.086667
0 0.518125 0.406667 0.071250 0.070000
0 0.683750 0.610833 0.125000 0.141667
3 0.860625 0.507500 0.266250 0.325000
2 0.595000 0.344167 0.062500 0.088333
0 0.640625 0.385000 0.061250 0.073333
0 0.681250 0.429167 0.095000 0.095000
0 0.560625 0.328333 0.028750 0.053333
0 0.618750 0.316667 0.047500 0.050000
0 0.541875 0.306667 0.041250 0.043333
0 0.530000 0.289167 0.040000 0.041667
