2 0.400625 0.689167 0.131250 0.201667
0 0.279375 0.424167 0.061250 0.068333
0 0.443750 0.395000 0.057500 0.070000
0 0.307500 0.295000 0.035000 0.043333
0 0.516875 0.288333 0.028750 0.036667
0 0.539375 0.299167 0.036250 0.045000
0 0.561250 0.320833 0.045000 0.051667
0 0.607500 0.313333 0.045000 0.043333
0 0.591875 0.358333 0.048750 0.060000
0 0.625625 0.375000 0.046250 0.050000
0 0.651250 0.350833 0.060000 0.048333
0 0.660625 0.411667 0.078750 0.080000
0 0.713125 0.374167 0.071250 0.058333
0 0.762500 0.418333 0.085000 0.063333
0 0.748125 0.470833 0.108750 0.131667
0 0.886875 0.503333 0.116250 0.116667
0 0.871250 0.603333 0.135000 0.150000
