3 0.379375 0.520833 0.136250 0.261667
3 0.551875 0.254167 0.056250 0.061667
0 0.268750 0.923333 0.297500 0.153333
0 0.278750 0.420833 0.062500 0.075000
0 0.931875 0.671667 0.136250 0.240000
0 0.945625 0.545833 0.108750 0.145000
0 0.794375 0.526667 0.118750 0.126667
0 0.857500 0.491667 0.107500 0.100000
0 0.758125 0.411667 0.061250 0.080000
0 0.591875 0.355000 0.051250 0.060000
0 0.567500 0.330833 0.040000 0.055000
2 0.696875 0.413333 0.106250 0.156667
2 0.633750 0.376667 0.052500 0.093333
0 0.631250 0.325833 0.052500 0.038333
0 0.556875 0.308333 0.043750 0.053333
