0 0.456875 0.547500 0.093750 0.098333
0 0.438125 0.302500 0.041250 0.041667
0 0.476250 0.355833 0.050000 0.048333
0 0.363125 0.255833 0.023750 0.031667
0 0.355625 0.233333 0.016250 0.020000
0 0.390625 0.234167 0.021250 0.018333
0 0.318125 0.265000 0.023750 0.023333
0 0.308750 0.280833 0.022500 0.031667
0 0.301250 0.307500 0.035000 0.021667
0 0.301250 0.336667 0.040000 0.040000
0 0.294375 0.380833 0.046250 0.058333
0 0.278750 0.419167 0.050000 0.061667
0 0.642500 0.888333 0.237500 0.223333
0 0.675625 0.411667 0.068750 0.083333
0 0.598750 0.340000 0.062500 0.080000
3 0.802500 0.490000 0.175000 0.190000
0 0.945625 0.698333 0.108750 0.193333
0 0.556875 0.320000 0.036250 0.046667
0 0.524375 0.288333 0.033750 0.036667
0 0.495625 0.265833 0.031250 0.035000
0 0.506250 0.242500 0.022500 0.028333
