0 0.356250 0.222500 0.017500 0.021667
0 0.378750 0.275000 0.030000 0.036667
0 0.373750 0.386667 0.057500 0.073333
0 0.446250 0.698333 0.112500 0.156667
0 0.760000 0.497500 0.105000 0.108333
0 0.955000 0.704167 0.090000 0.168333
0 0.645000 0.392500 0.060000 0.061667
0 0.594375 0.350833 0.058750 0.051667
0 0.581250 0.291667 0.037500 0.040000
0 0.549375 0.306667 0.043750 0.040000
0 0.489375 0.255000 0.026250 0.026667
0 0.513125 0.276667 0.033750 0.036667
0 0.278750 0.416667 0.047500 0.060000
0 0.293750 0.379167 0.042500 0.051667
0 0.301875 0.334167 0.036250 0.038333
0 0.306875 0.279167 0.026250 0.031667
0 0.302500 0.300000 0.030000 0.026667
0 0.313125 0.256667 0.026250 0.030000
