0 0.531875 0.708333 0.181250 0.220000
0 0.456250 0.356667 0.052500 0.070000
0 0.406875 0.275000 0.031250 0.040000
0 0.283750 0.386667 0.052500 0.056667
0 0.298750 0.339167 0.042500 0.045000
0 0.310000 0.291667 0.035000 0.040000
0 0.361875 0.244167 0.023750 0.028333
0 0.912500 0.539167 0.112500 0.095000
0 0.751250 0.411667 0.065000 0.063333
0 0.516875 0.284167 0.031250 0.041667
0 0.525625 0.256667 0.028750 0.026667
2 0.497500 0.261667 0.027500 0.040000
0 0.469375 0.244167 0.026250 0.028333
3 0.636875 0.359167 0.188750 0.181667
3 0.786875 0.501667 0.131250 0.153333
2 0.320625 0.241667 0.021250 0.026667
