0 0.313125 0.280000 0.026250 0.030000
0 0.439375 0.304167 0.036250 0.038333
0 0.490625 0.371667 0.053750 0.050000
0 0.303750 0.318333 0.037500 0.040000
0 0.290000 0.387500 0.045000 0.048333
0 0.725000 0.457500 0.095000 0.095000
0 0.880625 0.604167 0.146250 0.128333
0 0.974375 0.716667 0.051250 0.126667
0 0.476875 0.220833 0.021250 0.025000
0 0.496875 0.235833 0.021250 0.021667
0 0.525000 0.246667 0.027500 0.026667
0 0.464375 0.238333 0.018750 0.020000
0 0.478750 0.245833 0.020000 0.025000
0 0.493125 0.259167 0.023750 0.028333
0 0.508750 0.275000 0.032500 0.036667
0 0.551250 0.300833 0.050000 0.051667
0 0.567500 0.333333 0.040000 0.050000
3 0.632500 0.350000 0.107500 0.146667
3 0.717500 0.360000 0.087500 0.120000
4 0.791875 0.523333 0.056250 0.100000
