0 0.283750 0.390000 0.052500 0.060000
0 0.308750 0.289167 0.037500 0.041667
0 0.432500 0.291667 0.035000 0.033333
0 0.471250 0.241667 0.025000 0.030000
0 0.491875 0.226667 0.018750 0.023333
0 0.521250 0.251667 0.030000 0.026667
0 0.520000 0.284167 0.035000 0.041667
0 0.556875 0.316667 0.043750 0.046667
0 0.578125 0.341667 0.043750 0.050000
0 0.626875 0.364167 0.066250 0.071667
0 0.670000 0.414167 0.077500 0.085000
0 0.398125 0.372500 0.063750 0.058333
2 0.766875 0.489167 0.106250 0.145000
3 0.900625 0.596667 0.193750 0.363333
