0 0.283750 0.415000 0.060000 0.080000
0 0.371875 0.282500 0.033750 0.041667
0 0.444375 0.298333 0.046250 0.046667
0 0.500625 0.375000 0.068750 0.066667
0 0.576875 0.481667 0.103750 0.120000
0 0.783750 0.827500 0.192500 0.221667
0 0.923125 0.639167 0.153750 0.171667
0 0.783750 0.520000 0.110000 0.130000
0 0.701875 0.441667 0.083750 0.086667
2 0.639375 0.375000 0.073750 0.080000
3 0.572500 0.320833 0.055000 0.061667
4 0.329375 0.403333 0.026250 0.076667
2 0.450625 0.480833 0.118750 0.171667
0 0.531250 0.294167 0.037500 0.045000
0 0.356875 0.245833 0.026250 0.028333
