0 0.283125 0.386667 0.051250 0.053333
0 0.296875 0.339167 0.041250 0.041667
0 0.530625 0.536667 0.091250 0.106667
0 0.313125 0.264167 0.026250 0.031667
0 0.320000 0.244167 0.022500 0.025000
0 0.938125 0.669167 0.123750 0.191667
0 0.838750 0.549167 0.130000 0.158333
0 0.959375 0.566667 0.081250 0.106667
0 0.748125 0.471667 0.091250 0.130000
0 0.687500 0.431667 0.062500 0.083333
0 0.730000 0.389167 0.087500 0.081667
2 0.613125 0.354167 0.063750 0.078333
0 0.557500 0.319167 0.050000 0.048333
0 0.588125 0.299167 0.033750 0.038333
0 0.643750 0.334167 0.042500 0.055000
3 0.516250 0.264167 0.082500 0.091667
0 0.552500 0.269167 0.030000 0.031667
