0 0.278750 0.421667 0.062500 0.066667
0 0.588750 0.539167 0.122500 0.131667
0 0.308750 0.296667 0.035000 0.043333
0 0.356875 0.236667 0.023750 0.030000
0 0.515625 0.276667 0.031250 0.026667
0 0.528750 0.291667 0.035000 0.036667
0 0.552500 0.311667 0.042500 0.043333
0 0.591875 0.346667 0.053750 0.066667
0 0.636875 0.331667 0.053750 0.056667
0 0.634375 0.379167 0.061250 0.065000
0 0.681875 0.424167 0.096250 0.091667
0 0.747500 0.486667 0.097500 0.103333
0 0.845625 0.559167 0.153750 0.168333
0 0.941875 0.556667 0.116250 0.123333
0 0.957500 0.711667 0.085000 0.200000
