0 0.281250 0.423333 0.065000 0.076667
0 0.301250 0.320833 0.037500 0.041667
0 0.371250 0.306667 0.040000 0.040000
0 0.368750 0.269167 0.040000 0.035000
0 0.520625 0.282500 0.033750 0.038333
0 0.538750 0.300000 0.037500 0.043333
0 0.561250 0.317500 0.045000 0.055000
0 0.605000 0.309167 0.047500 0.048333
0 0.588125 0.347500 0.046250 0.055000
0 0.686875 0.374167 0.063750 0.065000
0 0.628750 0.376667 0.070000 0.073333
0 0.666875 0.421667 0.073750 0.080000
0 0.725000 0.466667 0.090000 0.100000
0 0.826875 0.457500 0.093750 0.101667
0 0.831250 0.563333 0.130000 0.143333
0 0.946875 0.539167 0.106250 0.111667
0 0.946250 0.675833 0.107500 0.225000
