0 0.503125 0.230000 0.021250 0.020000
0 0.476250 0.241667 0.025000 0.026667
0 0.511875 0.246667 0.023750 0.023333
0 0.620625 0.324167 0.051250 0.045000
0 0.716250 0.380833 0.072500 0.075000
0 0.706875 0.443333 0.076250 0.090000
0 0.948125 0.573333 0.103750 0.146667
0 0.460625 0.331667 0.048750 0.056667
0 0.418125 0.690000 0.116250 0.153333
0 0.361875 0.233333 0.023750 0.026667
0 0.313750 0.261667 0.027500 0.026667
0 0.307500 0.282500 0.030000 0.028333
0 0.308125 0.320833 0.033750 0.041667
4 0.307500 0.468333 0.025000 0.083333
