2 0.385000 0.672500 0.175000 0.308333
1 0.630000 0.309167 0.105000 0.111667
0 0.280625 0.425000 0.061250 0.063333
0 0.300000 0.323333 0.037500 0.043333
0 0.355000 0.266667 0.032500 0.033333
0 0.941875 0.675000 0.116250 0.193333
0 0.835000 0.554167 0.155000 0.155000
0 0.740000 0.463333 0.102500 0.130000
0 0.824375 0.460000 0.091250 0.090000
0 0.762500 0.419167 0.067500 0.068333
0 0.631875 0.392500 0.056250 0.071667
0 0.690000 0.366667 0.072500 0.070000
0 0.597500 0.354167 0.055000 0.061667
0 0.576250 0.325000 0.045000 0.050000
0 0.538125 0.300833 0.041250 0.055000
0 0.546250 0.272500 0.032500 0.035000
3 0.933125 0.540000 0.133750 0.123333
