3 0.679375 0.393333 0.216250 0.186667
0 0.860625 0.576667 0.128750 0.133333
0 0.960625 0.713333 0.078750 0.160000
0 0.501250 0.222500 0.020000 0.021667
0 0.472500 0.244167 0.025000 0.028333
0 0.499375 0.266667 0.028750 0.033333
0 0.519375 0.286667 0.033750 0.036667
0 0.554375 0.313333 0.046250 0.053333
0 0.494375 0.356667 0.056250 0.060000
0 0.638750 0.551667 0.125000 0.123333
0 0.475625 0.520833 0.083750 0.085000
0 0.348125 0.221667 0.018750 0.026667
0 0.358750 0.252500 0.022500 0.025000
0 0.394375 0.239167 0.023750 0.028333
0 0.414375 0.264167 0.026250 0.028333
0 0.435000 0.291667 0.032500 0.040000
0 0.390625 0.340000 0.043750 0.043333
0 0.311250 0.285833 0.030000 0.045000
0 0.302500 0.317500 0.032500 0.041667
4 0.306250 0.479167 0.025000 0.091667
