0 0.635625 0.911667 0.243750 0.176667
4 0.813750 0.531667 0.050000 0.103333
0 0.925000 0.639167 0.150000 0.165000
0 0.284375 0.384167 0.051250 0.061667
0 0.411250 0.387500 0.057500 0.075000
0 0.538125 0.416667 0.073750 0.083333
0 0.381250 0.321667 0.042500 0.053333
0 0.308750 0.281667 0.037500 0.043333
0 0.737500 0.464167 0.090000 0.091667
0 0.790000 0.439167 0.080000 0.081667
0 0.648750 0.400000 0.070000 0.070000
0 0.599375 0.359167 0.058750 0.061667
0 0.531875 0.286667 0.043750 0.046667
0 0.578125 0.329167 0.043750 0.048333
0 0.547500 0.266667 0.040000 0.046667
0 0.402500 0.241667 0.022500 0.023333
0 0.357500 0.234167 0.020000 0.025000
0 0.382500 0.224167 0.020000 0.021667
0 0.471875 0.246667 0.026250 0.033333
0 0.499375 0.236667 0.026250 0.030000
0 0.373750 0.211667 0.012500 0.016667
0 0.348125 0.225000 0.013750 0.020000
