3 0.920625 0.618333 0.158750 0.313333
0 0.356875 0.223333 0.018750 0.023333
0 0.390000 0.231667 0.020000 0.023333
0 0.370000 0.270000 0.027500 0.036667
0 0.440625 0.296667 0.041250 0.043333
0 0.405000 0.368333 0.050000 0.053333
0 0.553125 0.446667 0.088750 0.086667
0 0.509375 0.663333 0.116250 0.130000
0 0.783750 0.782500 0.192500 0.201667
0 0.311250 0.288333 0.027500 0.043333
0 0.303750 0.322500 0.032500 0.045000
0 0.501250 0.222500 0.017500 0.018333
0 0.465000 0.238333 0.020000 0.026667
0 0.483125 0.254167 0.021250 0.028333
0 0.505625 0.243333 0.023750 0.023333
0 0.505000 0.269167 0.030000 0.038333
0 0.548125 0.313333 0.041250 0.043333
0 0.635625 0.386667 0.063750 0.063333
0 0.710625 0.450833 0.083750 0.078333
0 0.802500 0.530833 0.120000 0.118333
4 0.570000 0.330000 0.017500 0.046667
