0 0.278750 0.421667 0.062500 0.066667
0 0.296250 0.341667 0.042500 0.046667
0 0.421875 0.276667 0.038750 0.043333
0 0.511250 0.396667 0.072500 0.066667
0 0.371875 0.266667 0.033750 0.036667
0 0.604375 0.524167 0.121250 0.118333
0 0.645625 0.394167 0.071250 0.075000
0 0.599375 0.356667 0.053750 0.060000
2 0.574375 0.321667 0.061250 0.070000
0 0.543125 0.304167 0.041250 0.051667
0 0.738125 0.461667 0.106250 0.120000
2 0.467500 0.332500 0.055000 0.065000
0 0.821250 0.551667 0.127500 0.136667
0 0.935000 0.681667 0.130000 0.196667
