0 0.406250 0.485000 0.077500 0.093333
0 0.283750 0.870000 0.205000 0.230000
0 0.894375 0.611667 0.136250 0.160000
0 0.814375 0.457500 0.083750 0.085000
0 0.697500 0.426667 0.087500 0.080000
0 0.278750 0.414167 0.055000 0.058333
0 0.293125 0.374167 0.046250 0.055000
0 0.299375 0.334167 0.033750 0.038333
0 0.313750 0.276667 0.025000 0.030000
0 0.543125 0.296667 0.038750 0.043333
0 0.427500 0.280833 0.035000 0.038333
0 0.500000 0.265000 0.032500 0.033333
0 0.510000 0.242500 0.020000 0.021667
3 0.476875 0.229167 0.033750 0.055000
3 0.381250 0.330833 0.047500 0.068333
2 0.612500 0.351667 0.065000 0.076667
