0 0.281250 0.422500 0.055000 0.061667
0 0.825000 0.555000 0.122500 0.126667
0 0.943125 0.683333 0.113750 0.176667
0 0.727500 0.360833 0.057500 0.051667
0 0.726875 0.458333 0.091250 0.093333
0 0.670000 0.410833 0.072500 0.078333
0 0.621875 0.370833 0.061250 0.061667
0 0.984375 0.593333 0.031250 0.073333
0 0.573750 0.324167 0.047500 0.055000
0 0.585625 0.300833 0.036250 0.035000
0 0.482500 0.250000 0.027500 0.030000
1 0.495000 0.212500 0.037500 0.035000
2 0.541875 0.299167 0.038750 0.055000
2 0.523750 0.254167 0.027500 0.035000
0 0.516250 0.290000 0.017500 0.033333
0 0.348750 0.222500 0.020000 0.018333
0 0.378750 0.220000 0.017500 0.016667
