0 0.370625 0.305833 0.033750 0.038333
0 0.362500 0.265833 0.025000 0.035000
0 0.419375 0.270833 0.028750 0.031667
0 0.450000 0.320000 0.040000 0.040000
0 0.351875 0.236667 0.016250 0.023333
0 0.388125 0.224167 0.016250 0.021667
0 0.280000 0.421667 0.052500 0.063333
0 0.432500 0.450833 0.072500 0.078333
0 0.531250 0.756667 0.145000 0.186667
0 0.508125 0.279167 0.023750 0.031667
0 0.521250 0.293333 0.030000 0.043333
2 0.541875 0.302500 0.033750 0.068333
1 0.603125 0.335000 0.111250 0.123333
3 0.483750 0.243333 0.067500 0.073333
2 0.846875 0.545833 0.163750 0.201667
3 0.777500 0.695833 0.445000 0.608333
