0 0.622500 0.371667 0.065000 0.063333
0 0.650000 0.343333 0.047500 0.046667
0 0.693750 0.375000 0.065000 0.060000
0 0.765000 0.431667 0.080000 0.073333
0 0.697500 0.437500 0.080000 0.075000
0 0.980000 0.741667 0.040000 0.123333
0 0.565000 0.315833 0.052500 0.055000
0 0.542500 0.269167 0.027500 0.035000
0 0.520000 0.283333 0.032500 0.033333
0 0.485000 0.223333 0.017500 0.020000
0 0.472500 0.240000 0.022500 0.023333
0 0.488750 0.258333 0.025000 0.030000
0 0.366875 0.256667 0.021250 0.030000
0 0.311875 0.260833 0.028750 0.035000
0 0.300000 0.320833 0.035000 0.041667
0 0.448125 0.797500 0.186250 0.258333
2 0.350625 0.222500 0.021250 0.021667
1 0.595000 0.279167 0.090000 0.105000
