0 0.285000 0.390000 0.055000 0.063333
0 0.512500 0.416667 0.072500 0.086667
0 0.368125 0.299167 0.041250 0.048333
0 0.410000 0.268333 0.030000 0.036667
0 0.311875 0.268333 0.033750 0.036667
2 0.703750 0.660833 0.172500 0.228333
0 0.817500 0.550000 0.122500 0.133333
0 0.715625 0.458333 0.096250 0.100000
0 0.720000 0.385833 0.080000 0.095000
0 0.965000 0.720833 0.070000 0.175000
0 0.626875 0.385000 0.071250 0.083333
0 0.578125 0.341667 0.051250 0.056667
3 0.538125 0.290000 0.061250 0.080000
1 0.521875 0.228333 0.046250 0.050000
0 0.355000 0.237500 0.020000 0.025000
