0 0.281875 0.424167 0.063750 0.068333
0 0.295625 0.340833 0.043750 0.045000
0 0.400000 0.361667 0.050000 0.063333
0 0.473750 0.350833 0.060000 0.055000
0 0.430000 0.285833 0.037500 0.041667
0 0.359375 0.256667 0.028750 0.030000
0 0.546250 0.309167 0.042500 0.045000
0 0.585625 0.340833 0.056250 0.058333
0 0.636250 0.327500 0.060000 0.065000
0 0.651250 0.400000 0.075000 0.083333
0 0.796250 0.399167 0.082500 0.078333
0 0.790000 0.517500 0.115000 0.135000
0 0.909375 0.618333 0.171250 0.200000
0 0.523125 0.662500 0.131250 0.158333
