3 0.875625 0.552500 0.223750 0.241667
0 0.428750 0.748333 0.132500 0.193333
0 0.277500 0.415833 0.055000 0.061667
0 0.390625 0.340000 0.046250 0.046667
0 0.449375 0.311667 0.046250 0.040000
0 0.310000 0.291667 0.027500 0.033333
0 0.298125 0.335833 0.041250 0.041667
0 0.372500 0.265000 0.030000 0.033333
2 0.415000 0.250000 0.035000 0.050000
0 0.636250 0.367500 0.072500 0.081667
0 0.698125 0.375000 0.056250 0.056667
0 0.551250 0.302500 0.047500 0.048333
0 0.605625 0.309167 0.046250 0.045000
0 0.535000 0.256667 0.027500 0.030000
2 0.503125 0.227500 0.026250 0.035000
