1 0.522500 0.228333 0.045000 0.050000
3 0.660000 0.359167 0.185000 0.231667
0 0.280625 0.425833 0.061250 0.068333
0 0.310625 0.290833 0.038750 0.045000
0 0.353750 0.279167 0.040000 0.035000
0 0.395625 0.250000 0.033750 0.030000
0 0.431250 0.290833 0.040000 0.038333
0 0.391875 0.345000 0.061250 0.066667
0 0.471875 0.343333 0.056250 0.053333
0 0.485625 0.600000 0.128750 0.146667
0 0.650000 0.575000 0.140000 0.140000
0 0.901250 0.620000 0.155000 0.166667
0 0.560000 0.323333 0.035000 0.050000
0 0.538125 0.303333 0.033750 0.043333
0 0.520000 0.285833 0.032500 0.035000
