0 0.388750 0.459167 0.077500 0.095000
0 0.283750 0.390000 0.052500 0.060000
0 0.437500 0.291667 0.042500 0.050000
0 0.378125 0.296667 0.041250 0.040000
0 0.362500 0.256667 0.027500 0.036667
0 0.406875 0.251667 0.031250 0.036667
0 0.306250 0.286667 0.040000 0.046667
0 0.913125 0.626667 0.158750 0.180000
0 0.801250 0.516667 0.105000 0.120000
0 0.727500 0.446667 0.095000 0.093333
0 0.709375 0.336667 0.068750 0.063333
0 0.649375 0.379167 0.063750 0.078333
0 0.665625 0.344167 0.061250 0.061667
0 0.600000 0.351667 0.050000 0.070000
0 0.568750 0.326667 0.042500 0.053333
3 0.510625 0.249167 0.061250 0.075000
0 0.545625 0.311667 0.033750 0.040000
0 0.250000 0.945000 0.275000 0.110000
