2 0.365000 0.260833 0.035000 0.038333
0 0.296875 0.333333 0.041250 0.043333
0 0.276875 0.415000 0.056250 0.063333
0 0.370625 0.327500 0.038750 0.041667
0 0.308750 0.290833 0.030000 0.031667
0 0.971875 0.729167 0.056250 0.128333
0 0.858125 0.559167 0.151250 0.168333
0 0.921875 0.539167 0.101250 0.101667
0 0.827500 0.458333 0.097500 0.076667
0 0.751875 0.477500 0.088750 0.091667
0 0.750625 0.411667 0.076250 0.070000
0 0.684375 0.417500 0.071250 0.075000
0 0.641875 0.385833 0.053750 0.055000
0 0.603750 0.346667 0.050000 0.056667
3 0.571875 0.318333 0.051250 0.053333
0 0.546250 0.300833 0.035000 0.045000
