0 0.333750 0.798333 0.157500 0.223333
0 0.355000 0.497500 0.075000 0.101667
0 0.376875 0.370833 0.048750 0.055000
0 0.279375 0.413333 0.053750 0.063333
0 0.295000 0.339167 0.037500 0.041667
0 0.285625 0.373333 0.038750 0.020000
0 0.962500 0.715833 0.075000 0.161667
0 0.966875 0.583333 0.066250 0.103333
0 0.865000 0.577500 0.137500 0.148333
0 0.868125 0.469167 0.088750 0.071667
0 0.761250 0.490833 0.095000 0.105000
2 0.683125 0.412500 0.083750 0.098333
0 0.719375 0.383333 0.066250 0.070000
0 0.628125 0.381667 0.056250 0.060000
2 0.594375 0.336667 0.058750 0.076667
0 0.662500 0.345000 0.055000 0.043333
3 0.636250 0.295000 0.070000 0.063333
3 0.537500 0.273333 0.075000 0.100000
0 0.367500 0.281667 0.030000 0.036667
0 0.585000 0.290833 0.027500 0.018333
3 0.490000 0.240000 0.035000 0.063333
