0 0.279375 0.420000 0.051250 0.060000
0 0.293750 0.380000 0.045000 0.056667
0 0.300625 0.335833 0.038750 0.041667
0 0.300625 0.302500 0.031250 0.025000
0 0.317500 0.263333 0.022500 0.026667
0 0.308125 0.279167 0.023750 0.025000
0 0.383750 0.250000 0.020000 0.020000
0 0.912500 0.520000 0.107500 0.106667
0 0.891875 0.605000 0.173750 0.160000
0 0.641875 0.330000 0.051250 0.056667
0 0.640000 0.390000 0.090000 0.073333
0 0.580000 0.332500 0.050000 0.055000
0 0.547500 0.305833 0.042500 0.045000
0 0.506875 0.282500 0.018750 0.035000
0 0.531875 0.290833 0.026250 0.038333
4 0.695000 0.441667 0.035000 0.076667
4 0.257500 0.615000 0.027500 0.116667
3 0.300000 0.798333 0.592500 0.403333
0 0.540625 0.262500 0.031250 0.028333
3 0.353750 0.220000 0.027500 0.033333
3 0.468750 0.220833 0.040000 0.048333
