3 0.891875 0.556667 0.216250 0.333333
2 0.453125 0.639167 0.121250 0.188333
0 0.756250 0.474167 0.097500 0.091667
0 0.653750 0.399167 0.072500 0.078333
0 0.601875 0.361667 0.051250 0.056667
0 0.577500 0.336667 0.040000 0.050000
0 0.552500 0.319167 0.032500 0.045000
0 0.276250 0.416667 0.052500 0.066667
0 0.281875 0.371667 0.041250 0.030000
0 0.314375 0.281667 0.028750 0.036667
0 0.358125 0.232500 0.021250 0.025000
0 0.536250 0.296667 0.040000 0.043333
0 0.521875 0.286667 0.031250 0.033333
0 0.506250 0.271667 0.030000 0.033333
2 0.488750 0.256667 0.025000 0.033333
0 0.463750 0.242500 0.022500 0.025000
0 0.482500 0.230000 0.020000 0.020000
