0 0.414375 0.271667 0.031250 0.033333
0 0.303750 0.318333 0.032500 0.040000
0 0.288750 0.387500 0.045000 0.055000
0 0.415625 0.780000 0.146250 0.183333
0 0.474375 0.247500 0.018750 0.025000
0 0.514375 0.245833 0.026250 0.028333
0 0.488750 0.260833 0.022500 0.025000
0 0.503750 0.274167 0.027500 0.035000
0 0.521875 0.287500 0.028750 0.031667
0 0.535625 0.298333 0.038750 0.040000
0 0.563125 0.325833 0.043750 0.051667
0 0.791875 0.509167 0.123750 0.141667
0 0.828125 0.461667 0.091250 0.093333
0 0.897500 0.624167 0.130000 0.145000
0 0.967500 0.718333 0.065000 0.163333
3 0.671875 0.382500 0.196250 0.195000
3 0.461250 0.225000 0.025000 0.043333
1 0.943125 0.529167 0.113750 0.221667
