0 0.355000 0.655833 0.137500 0.168333
0 0.281250 0.420000 0.062500 0.073333
0 0.302500 0.320000 0.040000 0.043333
0 0.381250 0.284167 0.037500 0.041667
0 0.766875 0.500000 0.106250 0.113333
0 0.631250 0.388333 0.057500 0.073333
0 0.698125 0.374167 0.061250 0.061667
0 0.569375 0.326667 0.048750 0.053333
0 0.603125 0.350000 0.061250 0.070000
2 0.381250 0.346667 0.057500 0.073333
2 0.910000 0.591667 0.180000 0.230000
2 0.685000 0.418333 0.087500 0.106667
3 0.543750 0.289167 0.070000 0.071667
4 0.610000 0.285833 0.017500 0.038333
