0 0.278125 0.421667 0.063750 0.070000
0 0.373125 0.528333 0.091250 0.116667
0 0.299375 0.319167 0.038750 0.045000
0 0.366875 0.305833 0.041250 0.048333
0 0.511250 0.400000 0.082500 0.090000
0 0.360625 0.254167 0.028750 0.031667
0 0.531250 0.289167 0.037500 0.045000
0 0.549375 0.310833 0.043750 0.048333
0 0.584375 0.344167 0.043750 0.061667
0 0.685000 0.426667 0.087500 0.093333
0 0.722500 0.395833 0.080000 0.078333
0 0.813750 0.533333 0.127500 0.140000
0 0.865625 0.490000 0.106250 0.113333
0 0.951875 0.685000 0.096250 0.200000
2 0.630000 0.368333 0.070000 0.100000
