0 0.920000 0.649167 0.157500 0.181667
0 0.938750 0.536667 0.122500 0.130000
0 0.773125 0.505000 0.101250 0.100000
0 0.801875 0.437500 0.098750 0.091667
0 0.682500 0.416667 0.075000 0.076667
0 0.705000 0.366667 0.070000 0.070000
0 0.626875 0.364167 0.066250 0.065000
0 0.655625 0.341667 0.051250 0.050000
0 0.616875 0.313333 0.043750 0.040000
0 0.582500 0.333333 0.042500 0.046667
0 0.548125 0.309167 0.043750 0.041667
0 0.585625 0.295000 0.031250 0.033333
0 0.565000 0.278333 0.030000 0.026667
0 0.550000 0.268333 0.030000 0.033333
0 0.278750 0.414167 0.057500 0.061667
0 0.339375 0.887500 0.166250 0.215000
0 0.296875 0.332500 0.041250 0.048333
0 0.307500 0.289167 0.030000 0.035000
