0 0.368125 0.339167 0.036250 0.041667
0 0.381875 0.219167 0.013750 0.015000
0 0.393750 0.236667 0.020000 0.026667
0 0.380625 0.459167 0.068750 0.095000
0 0.302500 0.315833 0.035000 0.038333
0 0.312500 0.280000 0.027500 0.033333
0 0.287500 0.386667 0.047500 0.056667
0 0.559375 0.270833 0.033750 0.028333
0 0.536875 0.302500 0.031250 0.035000
0 0.636875 0.385000 0.051250 0.056667
0 0.686875 0.426667 0.071250 0.093333
3 0.676250 0.328333 0.075000 0.106667
3 0.853750 0.559167 0.292500 0.498333
3 0.483125 0.229167 0.056250 0.081667
