0 0.303750 0.324167 0.032500 0.041667
0 0.279375 0.420833 0.053750 0.065000
0 0.310000 0.284167 0.032500 0.041667
0 0.381875 0.226667 0.013750 0.020000
0 0.440000 0.390833 0.065000 0.078333
0 0.520000 0.288333 0.035000 0.036667
0 0.555625 0.321667 0.041250 0.043333
0 0.586250 0.347500 0.047500 0.058333
0 0.655625 0.390833 0.073750 0.091667
0 0.698125 0.440833 0.076250 0.075000
0 0.755625 0.418333 0.073750 0.066667
0 0.764375 0.505000 0.111250 0.100000
3 0.486250 0.247500 0.062500 0.065000
2 0.906875 0.597500 0.173750 0.191667
0 0.979375 0.727500 0.041250 0.141667
