0 0.311250 0.280000 0.030000 0.033333
0 0.301250 0.316667 0.037500 0.043333
0 0.288125 0.385000 0.043750 0.050000
0 0.400000 0.267500 0.027500 0.035000
0 0.380000 0.377500 0.050000 0.068333
0 0.638750 0.321667 0.055000 0.053333
0 0.636250 0.377500 0.070000 0.068333
0 0.785000 0.514167 0.112500 0.108333
0 0.846250 0.479167 0.087500 0.088333
0 0.558750 0.317500 0.042500 0.045000
0 0.556875 0.271667 0.026250 0.030000
0 0.491875 0.232500 0.021250 0.025000
3 0.520625 0.256667 0.048750 0.080000
4 0.748125 0.405833 0.026250 0.068333
3 0.970000 0.610833 0.060000 0.325000
