3 0.378125 0.321667 0.068750 0.100000
3 0.483750 0.239167 0.060000 0.071667
2 0.741250 0.459167 0.107500 0.131667
0 0.923125 0.656667 0.153750 0.173333
0 0.850625 0.479167 0.106250 0.115000
0 0.639375 0.384167 0.066250 0.071667
0 0.673125 0.359167 0.056250 0.061667
0 0.702500 0.344167 0.050000 0.051667
0 0.561250 0.279167 0.037500 0.035000
0 0.525000 0.244167 0.027500 0.028333
0 0.283750 0.386667 0.052500 0.053333
0 0.296875 0.342500 0.036250 0.045000
0 0.311875 0.294167 0.036250 0.038333
0 0.313125 0.261667 0.021250 0.023333
0 0.380000 0.221667 0.020000 0.023333
2 0.346250 0.209167 0.020000 0.021667
0 0.333750 0.795000 0.147500 0.196667
