4 0.328125 0.310000 0.011250 0.050000
3 0.470625 0.328333 0.058750 0.080000
3 0.528125 0.271667 0.063750 0.076667
2 0.413750 0.374167 0.070000 0.101667
2 0.666875 0.395833 0.091250 0.108333
0 0.288750 0.388333 0.055000 0.063333
0 0.302500 0.316667 0.037500 0.043333
0 0.378750 0.287500 0.037500 0.035000
0 0.563750 0.451667 0.087500 0.086667
0 0.603750 0.361667 0.057500 0.056667
0 0.637500 0.322500 0.060000 0.055000
0 0.555000 0.310833 0.052500 0.058333
0 0.757500 0.487500 0.112500 0.098333
0 0.858125 0.478333 0.101250 0.090000
0 0.905625 0.600000 0.163750 0.176667
0 0.531250 0.797500 0.162500 0.201667
0 0.866875 0.865000 0.266250 0.270000
