0 0.286250 0.386667 0.052500 0.063333
2 0.378125 0.356667 0.056250 0.073333
2 0.375625 0.289167 0.043750 0.051667
0 0.866250 0.574167 0.132500 0.128333
0 0.899375 0.521667 0.121250 0.120000
0 0.740625 0.474167 0.113750 0.128333
0 0.802500 0.444167 0.090000 0.091667
0 0.725000 0.394167 0.070000 0.068333
0 0.949375 0.702500 0.101250 0.215000
0 0.655000 0.396667 0.075000 0.083333
0 0.586250 0.341667 0.052500 0.056667
0 0.673125 0.356667 0.058750 0.056667
3 0.537500 0.271667 0.087500 0.130000
2 0.330000 0.709167 0.180000 0.298333
