0 0.391875 0.397500 0.061250 0.071667
0 0.285625 0.387500 0.048750 0.061667
0 0.299375 0.340000 0.043750 0.046667
0 0.403125 0.253333 0.023750 0.026667
0 0.315625 0.265833 0.026250 0.031667
0 0.859375 0.585000 0.131250 0.146667
0 0.961875 0.585000 0.076250 0.126667
2 0.762500 0.470833 0.130000 0.158333
2 0.866875 0.473333 0.111250 0.136667
1 0.668750 0.380833 0.165000 0.168333
0 0.579375 0.340833 0.033750 0.058333
0 0.550000 0.305000 0.040000 0.046667
0 0.525625 0.295000 0.028750 0.036667
3 0.506875 0.246667 0.073750 0.093333
0 0.393125 0.630833 0.118750 0.075000
