3 0.433750 0.419167 0.095000 0.161667
3 0.713750 0.410000 0.147500 0.193333
0 0.559375 0.314167 0.046250 0.051667
0 0.600000 0.359167 0.065000 0.071667
0 0.971875 0.720833 0.056250 0.148333
0 0.444375 0.629167 0.131250 0.228333
0 0.278750 0.419167 0.052500 0.055000
0 0.293750 0.381667 0.040000 0.056667
0 0.301250 0.338333 0.037500 0.036667
0 0.300625 0.307500 0.031250 0.025000
0 0.316875 0.265000 0.023750 0.026667
0 0.404375 0.255833 0.023750 0.025000
0 0.391250 0.230833 0.017500 0.021667
0 0.486875 0.255000 0.026250 0.033333
0 0.351250 0.217500 0.015000 0.018333
0 0.464375 0.237500 0.021250 0.021667
0 0.470625 0.247500 0.011250 0.025000
