0 0.279375 0.422500 0.066250 0.071667
0 0.296250 0.340000 0.047500 0.050000
0 0.956875 0.598333 0.086250 0.130000
0 0.849375 0.569167 0.143750 0.161667
0 0.744375 0.488333 0.098750 0.106667
0 0.842500 0.472500 0.105000 0.108333
0 0.763125 0.425000 0.081250 0.083333
0 0.670000 0.405833 0.080000 0.098333
0 0.686250 0.363333 0.067500 0.063333
0 0.590625 0.350000 0.056250 0.070000
0 0.559375 0.326667 0.046250 0.053333
0 0.557500 0.275000 0.045000 0.043333
4 0.524375 0.286667 0.016250 0.030000
4 0.515000 0.270000 0.012500 0.030000
4 0.489375 0.266667 0.011250 0.030000
