0 0.578125 0.845000 0.208750 0.266667
0 0.871875 0.898333 0.243750 0.203333
0 0.803125 0.541667 0.121250 0.130000
0 0.726875 0.401667 0.081250 0.073333
0 0.678125 0.432500 0.083750 0.085000
0 0.635000 0.379167 0.070000 0.065000
0 0.417500 0.410000 0.080000 0.073333
0 0.458125 0.320000 0.046250 0.050000
0 0.526250 0.295833 0.037500 0.041667
0 0.590625 0.346667 0.043750 0.050000
3 0.368750 0.250833 0.047500 0.065000
2 0.645000 0.555000 0.137500 0.166667
4 0.561250 0.318333 0.025000 0.053333
0 0.386875 0.309167 0.048750 0.055000
