0 0.396250 0.236667 0.020000 0.023333
0 0.413125 0.273333 0.028750 0.030000
0 0.383750 0.337500 0.045000 0.045000
0 0.487500 0.362500 0.052500 0.055000
0 0.513125 0.268333 0.033750 0.040000
0 0.563750 0.327500 0.045000 0.038333
0 0.653750 0.390833 0.070000 0.081667
0 0.719375 0.455000 0.091250 0.086667
0 0.863125 0.585000 0.136250 0.126667
0 0.950625 0.715000 0.098750 0.170000
0 0.583750 0.498333 0.097500 0.086667
0 0.298750 0.322500 0.035000 0.038333
0 0.305625 0.289167 0.036250 0.035000
0 0.311250 0.261667 0.027500 0.026667
4 0.793125 0.516667 0.038750 0.083333
