0 0.830000 0.546667 0.112500 0.120000
0 0.620625 0.364167 0.063750 0.061667
0 0.525625 0.280833 0.036250 0.045000
0 0.473750 0.241667 0.020000 0.020000
0 0.406875 0.256667 0.026250 0.026667
4 0.711250 0.360000 0.015000 0.046667
0 0.316875 0.262500 0.023750 0.028333
0 0.307500 0.280833 0.025000 0.028333
0 0.300625 0.306667 0.036250 0.023333
0 0.301875 0.336667 0.038750 0.043333
0 0.294375 0.379167 0.041250 0.058333
0 0.280625 0.420833 0.051250 0.061667
2 0.391250 0.226667 0.020000 0.026667
2 0.411875 0.361667 0.061250 0.083333
