3 0.497500 0.220000 0.027500 0.040000
0 0.359375 0.239167 0.023750 0.021667
0 0.451875 0.494167 0.093750 0.118333
0 0.293750 0.375000 0.047500 0.053333
0 0.278750 0.415833 0.050000 0.061667
0 0.893750 0.586667 0.132500 0.136667
0 0.898750 0.460833 0.092500 0.085000
0 0.980000 0.594167 0.040000 0.095000
0 0.713750 0.445833 0.077500 0.075000
0 0.655000 0.334167 0.055000 0.051667
0 0.646250 0.384167 0.067500 0.075000
0 0.593750 0.336667 0.060000 0.063333
0 0.509375 0.270833 0.026250 0.035000
0 0.554375 0.269167 0.038750 0.035000
0 0.531875 0.288333 0.031250 0.040000
0 0.558125 0.312500 0.041250 0.045000
