4 0.370000 0.797500 0.062500 0.171667
0 0.310625 0.278333 0.031250 0.036667
0 0.301875 0.317500 0.031250 0.038333
0 0.291875 0.385000 0.048750 0.053333
0 0.315000 0.255833 0.025000 0.018333
0 0.372500 0.272500 0.027500 0.031667
0 0.460000 0.318333 0.047500 0.050000
0 0.540000 0.420000 0.075000 0.076667
0 0.480000 0.251667 0.022500 0.026667
0 0.495625 0.262500 0.028750 0.028333
0 0.518125 0.278333 0.026250 0.033333
0 0.540625 0.297500 0.038750 0.041667
0 0.563750 0.320000 0.047500 0.050000
0 0.589375 0.345000 0.051250 0.060000
0 0.683750 0.402500 0.077500 0.088333
0 0.678750 0.355000 0.057500 0.040000
0 0.760000 0.490833 0.092500 0.111667
0 0.835000 0.458333 0.107500 0.103333
0 0.860000 0.572500 0.147500 0.168333
0 0.975625 0.732500 0.048750 0.118333
