3 0.287500 0.828333 0.370000 0.343333
3 0.726875 0.434167 0.266250 0.235000
3 0.477500 0.227500 0.045000 0.065000
3 0.357500 0.236667 0.032500 0.066667
3 0.373750 0.277500 0.050000 0.078333
0 0.307500 0.286667 0.025000 0.026667
0 0.303750 0.315833 0.035000 0.038333
0 0.288125 0.385000 0.046250 0.050000
0 0.475625 0.350000 0.048750 0.050000
0 0.351875 0.494167 0.068750 0.101667
0 0.548125 0.479167 0.076250 0.088333
0 0.543750 0.242500 0.027500 0.028333
0 0.496250 0.263333 0.030000 0.026667
0 0.518125 0.281667 0.036250 0.036667
0 0.554375 0.270000 0.031250 0.036667
0 0.542500 0.308333 0.027500 0.036667
0 0.574375 0.327500 0.046250 0.055000
