0 0.280625 0.420000 0.053750 0.060000
0 0.351875 0.651667 0.098750 0.130000
0 0.611250 0.541667 0.105000 0.103333
0 0.358750 0.244167 0.017500 0.021667
0 0.385625 0.229167 0.016250 0.015000
0 0.374375 0.269167 0.028750 0.038333
0 0.434375 0.296667 0.041250 0.046667
4 0.365000 0.336667 0.017500 0.046667
0 0.640000 0.394167 0.062500 0.065000
0 0.705625 0.433333 0.086250 0.083333
0 0.760000 0.505000 0.100000 0.096667
0 0.878750 0.595833 0.127500 0.138333
0 0.534375 0.257500 0.028750 0.028333
0 0.484375 0.225833 0.018750 0.018333
0 0.528750 0.295000 0.035000 0.040000
0 0.505000 0.275833 0.030000 0.041667
2 0.674375 0.349167 0.066250 0.075000
3 0.590625 0.329167 0.103750 0.115000
