2 0.495625 0.586667 0.121250 0.206667
0 0.281250 0.434167 0.067500 0.071667
0 0.378125 0.324167 0.046250 0.048333
0 0.900000 0.624167 0.147500 0.158333
3 0.739375 0.414167 0.178750 0.251667
0 0.925625 0.526667 0.141250 0.160000
0 0.645625 0.389167 0.063750 0.095000
0 0.600000 0.359167 0.052500 0.061667
0 0.571250 0.331667 0.047500 0.046667
0 0.541250 0.311667 0.042500 0.046667
0 0.521875 0.286667 0.041250 0.046667
0 0.372500 0.270000 0.035000 0.040000
0 0.285625 0.384167 0.051250 0.051667
0 0.298750 0.341667 0.042500 0.043333
2 0.309375 0.286667 0.033750 0.046667
0 0.358125 0.241667 0.023750 0.023333
0 0.489375 0.231667 0.021250 0.023333
0 0.346875 0.216667 0.016250 0.016667
0 0.643750 0.334167 0.040000 0.025000
0 0.313125 0.264167 0.021250 0.025000
2 0.378125 0.214167 0.016250 0.021667
0 0.485000 0.261667 0.020000 0.033333
0 0.469375 0.244167 0.016250 0.021667
0 0.467500 0.221667 0.017500 0.020000
0 0.456250 0.234167 0.015000 0.018333
