3 0.632500 0.377500 0.075000 0.078333
0 0.631250 0.305833 0.047500 0.041667
0 0.589375 0.350000 0.051250 0.056667
0 0.670000 0.415833 0.067500 0.085000
0 0.740625 0.470000 0.101250 0.126667
0 0.561250 0.325833 0.042500 0.048333
0 0.536250 0.304167 0.035000 0.045000
0 0.517500 0.288333 0.030000 0.036667
0 0.530625 0.267500 0.031250 0.031667
0 0.280000 0.424167 0.062500 0.071667
0 0.912500 0.640000 0.150000 0.166667
0 0.956250 0.584167 0.087500 0.131667
0 0.305000 0.324167 0.040000 0.041667
0 0.394375 0.255833 0.028750 0.035000
