0 0.290000 0.385833 0.047500 0.051667
0 0.312500 0.281667 0.030000 0.036667
0 0.393750 0.234167 0.020000 0.021667
0 0.536875 0.291667 0.038750 0.040000
0 0.560625 0.311667 0.043750 0.046667
0 0.703125 0.437500 0.073750 0.075000
0 0.602500 0.350833 0.042500 0.055000
2 0.635000 0.371667 0.075000 0.080000
2 0.561875 0.272500 0.041250 0.045000
2 0.511250 0.270833 0.037500 0.045000
0 0.478125 0.246667 0.028750 0.026667
2 0.362500 0.875833 0.295000 0.248333
3 0.860000 0.580000 0.280000 0.416667
0 0.370000 0.255000 0.027500 0.040000
