0 0.278750 0.422500 0.065000 0.071667
0 0.301250 0.324167 0.040000 0.048333
0 0.375000 0.308333 0.047500 0.056667
0 0.481875 0.385833 0.061250 0.071667
0 0.937500 0.663333 0.125000 0.173333
0 0.836250 0.564167 0.127500 0.131667
0 0.935625 0.546667 0.118750 0.123333
0 0.725625 0.463333 0.111250 0.110000
0 0.657500 0.399167 0.085000 0.088333
0 0.698125 0.379167 0.053750 0.071667
0 0.750000 0.414167 0.067500 0.065000
0 0.808125 0.463333 0.091250 0.093333
0 0.609375 0.360000 0.051250 0.060000
0 0.580625 0.326667 0.061250 0.070000
0 0.543125 0.307500 0.046250 0.048333
2 0.528750 0.283333 0.042500 0.050000
