0 0.391250 0.766667 0.145000 0.193333
0 0.483750 0.399167 0.055000 0.068333
0 0.276250 0.417500 0.052500 0.065000
0 0.283125 0.374167 0.046250 0.028333
0 0.311875 0.279167 0.031250 0.035000
0 0.372500 0.219167 0.015000 0.018333
0 0.848750 0.568333 0.147500 0.150000
3 0.960000 0.669167 0.080000 0.241667
0 0.725625 0.459167 0.101250 0.115000
0 0.654375 0.401667 0.066250 0.083333
0 0.617500 0.366667 0.052500 0.056667
0 0.578125 0.341667 0.043750 0.046667
0 0.556875 0.311667 0.043750 0.046667
0 0.530000 0.296667 0.032500 0.040000
0 0.489375 0.259167 0.023750 0.021667
0 0.505625 0.269167 0.026250 0.035000
0 0.516250 0.249167 0.027500 0.028333
2 0.479375 0.244167 0.028750 0.038333
0 0.390000 0.322500 0.042500 0.038333
