0 0.306875 0.280000 0.026250 0.036667
0 0.295000 0.380833 0.045000 0.058333
0 0.280625 0.418333 0.051250 0.063333
3 0.452500 0.524167 0.155000 0.368333
0 0.655000 0.349167 0.055000 0.051667
0 0.563750 0.320000 0.042500 0.046667
0 0.627500 0.373333 0.060000 0.060000
0 0.947500 0.565833 0.105000 0.141667
0 0.953750 0.711667 0.092500 0.170000
2 0.757500 0.449167 0.142500 0.171667
0 0.556875 0.278333 0.031250 0.030000
0 0.530625 0.286667 0.041250 0.046667
0 0.471875 0.220833 0.018750 0.018333
2 0.511875 0.266667 0.033750 0.043333
