0 0.278125 0.417500 0.061250 0.071667
0 0.301250 0.317500 0.042500 0.045000
0 0.541875 0.265833 0.033750 0.035000
0 0.602500 0.310000 0.037500 0.050000
0 0.700000 0.373333 0.055000 0.056667
0 0.694375 0.433333 0.068750 0.076667
0 0.765000 0.409167 0.082500 0.065000
0 0.951875 0.572500 0.096250 0.145000
0 0.936875 0.702500 0.126250 0.178333
3 0.813125 0.515000 0.193750 0.196667
2 0.645625 0.316667 0.063750 0.060000
2 0.647500 0.373333 0.080000 0.086667
2 0.379375 0.491667 0.083750 0.143333
2 0.381875 0.348333 0.061250 0.096667
