0 0.418750 0.271667 0.030000 0.030000
0 0.395000 0.235000 0.025000 0.023333
0 0.307500 0.279167 0.027500 0.038333
0 0.294375 0.376667 0.041250 0.053333
0 0.280000 0.416667 0.052500 0.060000
0 0.730625 0.461667 0.088750 0.093333
0 0.808125 0.540833 0.111250 0.111667
0 0.950625 0.682500 0.098750 0.188333
0 0.614375 0.366667 0.043750 0.056667
2 0.671250 0.387500 0.085000 0.111667
3 0.579375 0.315833 0.083750 0.081667
0 0.482500 0.252500 0.022500 0.025000
0 0.520000 0.249167 0.022500 0.021667
0 0.534375 0.292500 0.033750 0.045000
0 0.514375 0.281667 0.018750 0.036667
