2 0.938125 0.655000 0.123750 0.296667
0 0.278125 0.420833 0.058750 0.068333
0 0.305625 0.325000 0.038750 0.040000
0 0.362500 0.288333 0.035000 0.036667
0 0.366875 0.354167 0.046250 0.048333
0 0.478125 0.355833 0.051250 0.058333
0 0.510625 0.278333 0.028750 0.036667
0 0.541250 0.271667 0.030000 0.030000
0 0.529375 0.295000 0.033750 0.026667
0 0.566875 0.326667 0.048750 0.063333
0 0.604375 0.363333 0.053750 0.070000
0 0.648750 0.394167 0.075000 0.081667
0 0.718125 0.390833 0.073750 0.071667
0 0.721875 0.457500 0.093750 0.098333
0 0.800000 0.447500 0.087500 0.088333
0 0.807500 0.541667 0.122500 0.133333
0 0.879375 0.525000 0.103750 0.110000
