0 0.277500 0.423333 0.065000 0.070000
0 0.298125 0.324167 0.041250 0.045000
0 0.515000 0.283333 0.030000 0.033333
0 0.528750 0.295000 0.032500 0.036667
0 0.548750 0.313333 0.042500 0.046667
0 0.587500 0.337500 0.055000 0.058333
0 0.615000 0.366667 0.057500 0.066667
0 0.654375 0.408333 0.053750 0.073333
0 0.931250 0.675000 0.137500 0.240000
0 0.905625 0.528333 0.126250 0.103333
0 0.797500 0.520833 0.125000 0.151667
2 0.718125 0.435000 0.108750 0.116667
0 0.824375 0.458333 0.068750 0.073333
0 0.726250 0.382500 0.062500 0.041667
