0 0.280625 0.420833 0.053750 0.065000
0 0.303750 0.321667 0.032500 0.043333
0 0.308750 0.279167 0.035000 0.045000
0 0.571250 0.332500 0.042500 0.048333
0 0.599375 0.313333 0.041250 0.043333
0 0.600625 0.356667 0.051250 0.056667
0 0.640000 0.386667 0.062500 0.076667
0 0.680625 0.364167 0.063750 0.071667
0 0.710625 0.454167 0.086250 0.091667
0 0.351250 0.215833 0.015000 0.018333
3 0.877500 0.616667 0.245000 0.386667
2 0.410625 0.623333 0.118750 0.203333
2 0.547500 0.310000 0.047500 0.056667
2 0.525625 0.294167 0.033750 0.048333
0 0.518750 0.250833 0.022500 0.028333
0 0.472500 0.247500 0.027500 0.031667
