3 0.815625 0.485000 0.368750 0.430000
0 0.516875 0.253333 0.023750 0.026667
0 0.480625 0.225833 0.021250 0.018333
0 0.560625 0.310833 0.046250 0.048333
0 0.586250 0.341667 0.055000 0.053333
0 0.624375 0.374167 0.058750 0.055000
0 0.453125 0.326667 0.043750 0.043333
0 0.413750 0.414167 0.057500 0.055000
4 0.374375 0.219167 0.011250 0.018333
4 0.390000 0.224167 0.010000 0.021667
4 0.401875 0.262500 0.011250 0.035000
4 0.418125 0.271667 0.011250 0.033333
0 0.298125 0.337500 0.041250 0.045000
0 0.307500 0.318333 0.032500 0.040000
0 0.308750 0.283333 0.025000 0.026667
0 0.315000 0.263333 0.027500 0.026667
