0 0.773125 0.502500 0.126250 0.118333
0 0.947500 0.705833 0.105000 0.201667
0 0.596250 0.351667 0.055000 0.063333
0 0.568125 0.285833 0.036250 0.041667
0 0.559375 0.318333 0.041250 0.050000
0 0.526875 0.291667 0.038750 0.040000
0 0.499375 0.275000 0.028750 0.026667
0 0.463125 0.238333 0.018750 0.023333
0 0.478750 0.251667 0.022500 0.030000
0 0.316250 0.265833 0.025000 0.028333
0 0.299375 0.308333 0.036250 0.023333
0 0.300625 0.339167 0.038750 0.041667
0 0.293750 0.384167 0.042500 0.051667
0 0.280000 0.423333 0.050000 0.060000
0 0.411875 0.366667 0.053750 0.073333
