0 0.402500 0.398333 0.055000 0.063333
0 0.358125 0.232500 0.021250 0.025000
0 0.312500 0.284167 0.027500 0.031667
0 0.290625 0.385000 0.046250 0.053333
0 0.863750 0.587500 0.130000 0.128333
0 0.483125 0.228333 0.018750 0.023333
0 0.471875 0.244167 0.023750 0.025000
0 0.495000 0.265833 0.027500 0.028333
0 0.520000 0.281667 0.032500 0.043333
2 0.551875 0.307500 0.043750 0.061667
2 0.586250 0.329167 0.057500 0.078333
2 0.630000 0.364167 0.075000 0.095000
0 0.684375 0.415833 0.068750 0.078333
0 0.752500 0.476667 0.102500 0.126667
3 0.478125 0.727500 0.243750 0.435000
