0 0.281250 0.421667 0.062500 0.076667
0 0.383125 0.421667 0.061250 0.083333
0 0.495625 0.378333 0.058750 0.070000
0 0.626875 0.379167 0.063750 0.065000
0 0.668750 0.423333 0.075000 0.076667
0 0.651875 0.621667 0.133750 0.153333
0 0.926875 0.656667 0.131250 0.170000
3 0.821250 0.525000 0.137500 0.170000
4 0.555000 0.422500 0.035000 0.071667
0 0.736250 0.470833 0.100000 0.121667
3 0.567500 0.300833 0.067500 0.101667
3 0.505625 0.242500 0.063750 0.081667
0 0.526875 0.288333 0.043750 0.046667
0 0.300000 0.340833 0.040000 0.041667
0 0.369375 0.268333 0.031250 0.033333
0 0.428750 0.289167 0.037500 0.041667
