0 0.823750 0.534167 0.130000 0.161667
0 0.283750 0.389167 0.052500 0.068333
0 0.297500 0.340000 0.042500 0.050000
0 0.371875 0.291667 0.036250 0.040000
0 0.363750 0.251667 0.030000 0.033333
2 0.418125 0.468333 0.088750 0.140000
3 0.606875 0.341667 0.086250 0.090000
0 0.642500 0.299167 0.052500 0.058333
0 0.543125 0.309167 0.041250 0.045000
0 0.518750 0.279167 0.035000 0.038333
0 0.526250 0.256667 0.027500 0.030000
0 0.500000 0.236667 0.025000 0.030000
2 0.476875 0.246667 0.023750 0.033333
0 0.349375 0.211667 0.016250 0.016667
0 0.283750 0.919167 0.257500 0.161667
