0 0.278125 0.418333 0.061250 0.060000
0 0.290000 0.375000 0.050000 0.053333
0 0.361250 0.580833 0.112500 0.138333
3 0.543125 0.289167 0.056250 0.061667
0 0.566875 0.311667 0.048750 0.056667
0 0.581875 0.342500 0.043750 0.058333
0 0.632500 0.328333 0.057500 0.056667
0 0.624375 0.365833 0.058750 0.075000
0 0.668125 0.405833 0.081250 0.091667
0 0.740625 0.472500 0.106250 0.105000
1 0.825000 0.432500 0.222500 0.208333
0 0.838750 0.567500 0.140000 0.135000
0 0.950000 0.677500 0.100000 0.181667
0 0.355625 0.881667 0.223750 0.230000
