0 0.380000 0.238333 0.020000 0.020000
0 0.381250 0.295000 0.035000 0.036667
0 0.314375 0.262500 0.023750 0.028333
0 0.309375 0.288333 0.026250 0.026667
0 0.301875 0.320000 0.031250 0.040000
0 0.288750 0.387500 0.042500 0.048333
0 0.705000 0.367500 0.052500 0.068333
0 0.683125 0.425000 0.081250 0.090000
0 0.760000 0.416667 0.067500 0.076667
2 0.400000 0.631667 0.105000 0.183333
2 0.226250 0.897500 0.332500 0.201667
3 0.887500 0.558333 0.225000 0.330000
3 0.607500 0.317500 0.162500 0.185000
2 0.520625 0.284167 0.028750 0.048333
2 0.505000 0.266667 0.035000 0.050000
0 0.505000 0.233333 0.020000 0.023333
0 0.474375 0.220833 0.013750 0.021667
0 0.471250 0.244167 0.027500 0.038333
