0 0.264375 0.541667 0.093750 0.116667
0 0.281250 0.420000 0.062500 0.066667
0 0.411250 0.557500 0.100000 0.135000
0 0.307500 0.290000 0.037500 0.046667
0 0.357500 0.264167 0.030000 0.031667
0 0.591250 0.355833 0.040000 0.058333
0 0.723125 0.453333 0.088750 0.103333
0 0.731875 0.354167 0.058750 0.051667
0 0.737500 0.405000 0.067500 0.070000
0 0.962500 0.714167 0.075000 0.178333
2 0.950000 0.550833 0.100000 0.165000
2 0.560625 0.308333 0.058750 0.073333
3 0.652500 0.378333 0.102500 0.150000
3 0.490625 0.245000 0.058750 0.066667
0 0.526250 0.284167 0.032500 0.038333
