2 0.436250 0.603333 0.112500 0.220000
2 0.571250 0.279167 0.040000 0.045000
2 0.603125 0.343333 0.058750 0.073333
2 0.381250 0.335833 0.042500 0.058333
0 0.353750 0.221667 0.017500 0.020000
0 0.360000 0.240833 0.025000 0.031667
0 0.410625 0.253333 0.026250 0.030000
0 0.314375 0.279167 0.023750 0.031667
0 0.291250 0.384167 0.047500 0.055000
0 0.280000 0.415000 0.050000 0.066667
3 0.823750 0.482500 0.265000 0.318333
0 0.493125 0.226667 0.018750 0.020000
0 0.505625 0.238333 0.023750 0.030000
3 0.466250 0.207500 0.022500 0.038333
