0 0.280625 0.422500 0.068750 0.075000
0 0.300000 0.321667 0.037500 0.043333
0 0.528750 0.291667 0.037500 0.050000
0 0.555625 0.305833 0.031250 0.045000
0 0.605000 0.306667 0.045000 0.053333
0 0.576875 0.327500 0.051250 0.055000
0 0.665000 0.347500 0.067500 0.071667
0 0.626875 0.375000 0.066250 0.076667
0 0.678750 0.424167 0.085000 0.098333
0 0.733125 0.400000 0.076250 0.063333
0 0.760000 0.475833 0.110000 0.118333
0 0.801250 0.450833 0.080000 0.088333
0 0.860000 0.565833 0.127500 0.141667
0 0.908125 0.523333 0.116250 0.126667
0 0.952500 0.693333 0.095000 0.203333
