0 0.281250 0.421667 0.062500 0.066667
0 0.469375 0.397500 0.066250 0.081667
0 0.295625 0.339167 0.041250 0.045000
3 0.373125 0.287500 0.078750 0.148333
0 0.522500 0.288333 0.037500 0.036667
0 0.568125 0.284167 0.043750 0.048333
0 0.631875 0.325833 0.056250 0.061667
0 0.602500 0.355000 0.065000 0.066667
0 0.555625 0.313333 0.043750 0.046667
0 0.700000 0.381667 0.070000 0.073333
0 0.681875 0.431667 0.088750 0.093333
0 0.808125 0.543333 0.133750 0.133333
0 0.906250 0.527500 0.120000 0.125000
0 0.523125 0.255833 0.028750 0.028333
