0 0.284375 0.384167 0.056250 0.061667
0 0.548125 0.304167 0.041250 0.045000
0 0.308750 0.290833 0.037500 0.035000
0 0.298750 0.337500 0.042500 0.045000
0 0.570000 0.330833 0.047500 0.051667
0 0.528125 0.254167 0.033750 0.035000
0 0.596250 0.353333 0.055000 0.070000
0 0.709375 0.375000 0.071250 0.076667
0 0.694375 0.443333 0.091250 0.090000
0 0.767500 0.427500 0.085000 0.081667
0 0.785625 0.513333 0.118750 0.110000
0 0.850000 0.494167 0.105000 0.111667
0 0.942500 0.553333 0.115000 0.123333
0 0.936250 0.655833 0.127500 0.178333
2 0.645000 0.380833 0.080000 0.088333
0 0.620625 0.320000 0.046250 0.040000
0 0.594375 0.301667 0.033750 0.033333
3 0.566250 0.265833 0.062500 0.061667
0 0.487500 0.226667 0.022500 0.026667
