0 0.285625 0.386667 0.051250 0.063333
0 0.376250 0.369167 0.057500 0.061667
0 0.438750 0.299167 0.047500 0.048333
0 0.400625 0.476667 0.078750 0.123333
0 0.386250 0.277500 0.032500 0.038333
2 0.323125 0.860000 0.228750 0.280000
0 0.937500 0.668333 0.125000 0.183333
0 0.833125 0.552500 0.133750 0.145000
0 0.741250 0.480833 0.092500 0.108333
0 0.830000 0.470833 0.100000 0.095000
0 0.929375 0.546667 0.118750 0.116667
0 0.681250 0.427500 0.075000 0.085000
0 0.762500 0.426667 0.077500 0.073333
0 0.710625 0.389167 0.066250 0.071667
0 0.634375 0.379167 0.068750 0.068333
0 0.590625 0.351667 0.056250 0.063333
0 0.625625 0.331667 0.046250 0.043333
0 0.560625 0.327500 0.046250 0.051667
0 0.588750 0.307500 0.040000 0.041667
3 0.355625 0.245833 0.041250 0.061667
