0 0.293750 0.382500 0.042500 0.055000
0 0.279375 0.422500 0.053750 0.061667
0 0.414375 0.403333 0.061250 0.066667
0 0.478750 0.340833 0.047500 0.045000
0 0.299375 0.335000 0.036250 0.040000
0 0.298750 0.306667 0.032500 0.023333
0 0.315625 0.266667 0.026250 0.026667
0 0.940625 0.688333 0.118750 0.183333
0 0.810625 0.455000 0.086250 0.080000
0 0.838125 0.562500 0.123750 0.118333
0 0.741250 0.480000 0.087500 0.093333
0 0.685625 0.427500 0.073750 0.085000
0 0.629375 0.382500 0.058750 0.061667
3 0.573750 0.295000 0.130000 0.150000
3 0.488750 0.245000 0.055000 0.063333
0 0.503750 0.278333 0.012500 0.036667
