0 0.278750 0.420833 0.050000 0.058333
0 0.378750 0.316667 0.032500 0.040000
0 0.312500 0.259167 0.025000 0.031667
0 0.356875 0.253333 0.023750 0.026667
0 0.378125 0.216667 0.016250 0.016667
0 0.401875 0.256667 0.021250 0.026667
0 0.386875 0.501667 0.076250 0.120000
0 0.261250 0.913333 0.255000 0.173333
0 0.836250 0.561667 0.132500 0.156667
0 0.943125 0.675000 0.113750 0.203333
0 0.930625 0.542500 0.101250 0.108333
0 0.830000 0.465000 0.075000 0.083333
0 0.635625 0.336667 0.041250 0.043333
0 0.638125 0.390000 0.051250 0.063333
0 0.594375 0.356667 0.058750 0.056667
0 0.608750 0.313333 0.032500 0.043333
0 0.498125 0.238333 0.016250 0.020000
0 0.518125 0.253333 0.026250 0.023333
0 0.527500 0.287500 0.032500 0.038333
0 0.536250 0.306667 0.032500 0.046667
3 0.570000 0.311667 0.055000 0.086667
3 0.732500 0.407500 0.167500 0.221667
0 0.472500 0.221667 0.017500 0.016667
0 0.480000 0.251667 0.025000 0.033333
0 0.508125 0.274167 0.028750 0.038333
2 0.523125 0.400000 0.063750 0.076667
