0 0.360625 0.242500 0.021250 0.021667
0 0.473750 0.220000 0.020000 0.023333
0 0.432500 0.287500 0.032500 0.031667
0 0.481875 0.347500 0.043750 0.048333
0 0.724375 0.449167 0.096250 0.095000
0 0.823125 0.545833 0.116250 0.118333
0 0.979375 0.715833 0.041250 0.128333
0 0.654375 0.589167 0.131250 0.128333
0 0.590625 0.873333 0.178750 0.236667
0 0.321250 0.244167 0.020000 0.025000
0 0.298125 0.324167 0.033750 0.038333
0 0.308125 0.295000 0.033750 0.036667
0 0.313125 0.265833 0.031250 0.018333
1 0.433125 0.404167 0.121250 0.195000
