0 0.755625 0.490000 0.088750 0.086667
2 0.851875 0.576667 0.116250 0.126667
3 0.946250 0.639167 0.107500 0.228333
0 0.698125 0.432500 0.078750 0.068333
0 0.646250 0.391667 0.067500 0.056667
2 0.540625 0.285000 0.043750 0.043333
0 0.281250 0.415000 0.055000 0.063333
3 0.604375 0.347500 0.073750 0.061667
0 0.574375 0.330000 0.036250 0.043333
0 0.560000 0.312500 0.035000 0.038333
2 0.520000 0.273333 0.030000 0.043333
0 0.299375 0.336667 0.041250 0.043333
0 0.307500 0.314167 0.032500 0.028333
0 0.308750 0.290000 0.030000 0.020000
0 0.311875 0.267500 0.023750 0.018333
