0 0.366250 0.242500 0.020000 0.021667
0 0.388125 0.280000 0.028750 0.030000
0 0.471250 0.220833 0.020000 0.021667
0 0.493125 0.252500 0.028750 0.035000
0 0.598750 0.345833 0.050000 0.051667
0 0.692500 0.428333 0.082500 0.090000
0 0.792500 0.432500 0.100000 0.091667
0 0.964375 0.698333 0.071250 0.163333
0 0.380000 0.800000 0.140000 0.193333
0 0.312500 0.282500 0.027500 0.031667
0 0.303125 0.316667 0.033750 0.036667
0 0.288125 0.385000 0.043750 0.050000
3 0.440625 0.440000 0.106250 0.193333
2 0.650000 0.328333 0.065000 0.070000
