0 0.301875 0.320000 0.031250 0.040000
0 0.310000 0.286667 0.025000 0.030000
0 0.313750 0.260833 0.022500 0.028333
0 0.290625 0.386667 0.048750 0.053333
0 0.279375 0.422500 0.053750 0.065000
0 0.570000 0.289167 0.035000 0.035000
0 0.486875 0.261667 0.023750 0.026667
0 0.504375 0.280000 0.023750 0.033333
0 0.524375 0.290000 0.033750 0.036667
0 0.541250 0.310833 0.037500 0.038333
0 0.569375 0.330833 0.041250 0.048333
0 0.606250 0.364167 0.055000 0.051667
3 0.514375 0.233333 0.041250 0.046667
3 0.475000 0.232500 0.047500 0.065000
3 0.691250 0.400833 0.135000 0.131667
3 0.803125 0.496667 0.191250 0.203333
3 0.830000 0.440000 0.152500 0.123333
0 0.973125 0.585833 0.053750 0.111667
4 0.917500 0.644167 0.067500 0.128333
4 0.975625 0.704167 0.048750 0.135000
2 0.626250 0.314167 0.050000 0.058333
