0 0.279375 0.420000 0.051250 0.066667
0 0.316875 0.273333 0.023750 0.030000
0 0.396250 0.250833 0.022500 0.028333
0 0.401250 0.500833 0.072500 0.088333
0 0.563125 0.325833 0.038750 0.051667
0 0.651250 0.401667 0.065000 0.070000
0 0.759375 0.499167 0.098750 0.101667
0 0.873125 0.599167 0.121250 0.125000
0 0.949375 0.572500 0.101250 0.158333
0 0.972500 0.717500 0.055000 0.138333
1 0.491875 0.213333 0.033750 0.036667
0 0.496250 0.265833 0.032500 0.035000
0 0.621250 0.316667 0.040000 0.043333
0 0.496875 0.240000 0.021250 0.023333
