3 0.390000 0.602500 0.160000 0.321667
0 0.280000 0.416667 0.055000 0.063333
0 0.384375 0.371667 0.051250 0.060000
0 0.685000 0.422500 0.077500 0.078333
0 0.761250 0.487500 0.107500 0.101667
0 0.823750 0.455000 0.095000 0.093333
0 0.869375 0.593333 0.133750 0.136667
0 0.961875 0.677500 0.076250 0.175000
0 0.526250 0.291667 0.037500 0.036667
0 0.545000 0.265833 0.027500 0.028333
0 0.484375 0.251667 0.031250 0.033333
0 0.363125 0.247500 0.023750 0.028333
0 0.410000 0.255000 0.027500 0.023333
0 0.299375 0.333333 0.043750 0.036667
0 0.310000 0.312500 0.030000 0.028333
0 0.311250 0.288333 0.032500 0.023333
0 0.310625 0.265833 0.026250 0.018333
