0 0.380625 0.495000 0.063750 0.093333
0 0.295625 0.375833 0.046250 0.055000
0 0.278750 0.416667 0.052500 0.060000
0 0.443750 0.343333 0.042500 0.050000
0 0.420625 0.266667 0.028750 0.033333
0 0.315000 0.275000 0.025000 0.030000
0 0.361250 0.263333 0.025000 0.026667
0 0.475625 0.239167 0.018750 0.018333
0 0.505000 0.266667 0.030000 0.033333
0 0.610625 0.360000 0.061250 0.063333
0 0.690000 0.359167 0.072500 0.071667
0 0.695625 0.424167 0.076250 0.085000
0 0.763125 0.414167 0.076250 0.078333
0 0.797500 0.520000 0.107500 0.123333
0 0.837500 0.466667 0.040000 0.080000
3 0.920625 0.604167 0.158750 0.375000
