0 0.930625 0.638333 0.138750 0.156667
0 0.870625 0.501667 0.101250 0.103333
0 0.755000 0.491667 0.102500 0.100000
0 0.740625 0.412500 0.071250 0.068333
0 0.660000 0.400000 0.065000 0.070000
1 0.634375 0.279167 0.103750 0.095000
0 0.660000 0.349167 0.060000 0.051667
0 0.601875 0.360833 0.061250 0.061667
0 0.575625 0.330833 0.043750 0.041667
3 0.536250 0.271667 0.067500 0.093333
0 0.488750 0.261667 0.027500 0.026667
0 0.473125 0.246667 0.021250 0.030000
3 0.473750 0.224167 0.040000 0.061667
0 0.278750 0.416667 0.052500 0.066667
0 0.285625 0.373333 0.046250 0.023333
0 0.294375 0.338333 0.041250 0.043333
0 0.298750 0.305833 0.082500 0.035000
0 0.313750 0.278333 0.027500 0.026667
