0 0.281250 0.421667 0.065000 0.070000
0 0.299375 0.319167 0.036250 0.038333
3 0.497500 0.249167 0.042500 0.061667
0 0.521875 0.284167 0.038750 0.041667
0 0.547500 0.309167 0.040000 0.045000
0 0.589375 0.346667 0.051250 0.056667
0 0.634375 0.381667 0.058750 0.066667
0 0.676875 0.424167 0.088750 0.091667
0 0.748750 0.409167 0.077500 0.085000
0 0.503125 0.666667 0.133750 0.156667
0 0.645000 0.586667 0.135000 0.143333
0 0.757500 0.496667 0.115000 0.106667
0 0.895625 0.621667 0.161250 0.186667
0 0.886875 0.900000 0.226250 0.200000
