3 0.245625 0.755000 0.456250 0.490000
3 0.395000 0.384167 0.122500 0.221667
0 0.281250 0.424167 0.065000 0.071667
0 0.416250 0.268333 0.037500 0.033333
0 0.515625 0.279167 0.036250 0.038333
0 0.563750 0.280833 0.035000 0.035000
0 0.543125 0.298333 0.043750 0.046667
0 0.565000 0.325833 0.037500 0.048333
0 0.591250 0.343333 0.052500 0.070000
0 0.626250 0.375833 0.075000 0.078333
0 0.676250 0.363333 0.055000 0.060000
0 0.735000 0.402500 0.082500 0.081667
0 0.736250 0.461667 0.095000 0.086667
0 0.847500 0.569167 0.152500 0.161667
0 0.908125 0.527500 0.141250 0.128333
1 0.494375 0.228333 0.036250 0.043333
