0 0.281250 0.422500 0.055000 0.061667
0 0.437500 0.303333 0.037500 0.033333
0 0.406250 0.256667 0.027500 0.030000
0 0.390625 0.231667 0.021250 0.026667
0 0.350000 0.226667 0.017500 0.016667
0 0.361250 0.246667 0.022500 0.030000
0 0.744375 0.477500 0.088750 0.095000
0 0.860625 0.590833 0.128750 0.131667
0 0.645000 0.390833 0.070000 0.068333
0 0.603125 0.362500 0.048750 0.055000
0 0.576250 0.325833 0.062500 0.058333
0 0.545000 0.301667 0.045000 0.050000
0 0.595625 0.303333 0.043750 0.046667
1 0.521875 0.265000 0.063750 0.066667
1 0.490000 0.209167 0.030000 0.031667
1 0.521875 0.224167 0.038750 0.031667
3 0.957500 0.665000 0.085000 0.246667
2 0.488125 0.228333 0.021250 0.026667
