0 0.638125 0.381667 0.056250 0.056667
0 0.689375 0.426667 0.083750 0.080000
0 0.774375 0.505833 0.103750 0.095000
0 0.921875 0.539167 0.116250 0.108333
0 0.876875 0.615833 0.126250 0.131667
0 0.958750 0.725000 0.082500 0.166667
0 0.423125 0.453333 0.063750 0.073333
0 0.462500 0.750000 0.150000 0.183333
0 0.280000 0.418333 0.050000 0.053333
0 0.295000 0.379167 0.042500 0.055000
0 0.301875 0.335833 0.036250 0.041667
0 0.303750 0.301667 0.032500 0.026667
0 0.308125 0.277500 0.026250 0.025000
0 0.315000 0.261667 0.027500 0.030000
3 0.385625 0.290000 0.066250 0.116667
