0 0.311875 0.282500 0.028750 0.035000
0 0.304375 0.318333 0.031250 0.043333
0 0.288125 0.387500 0.043750 0.055000
0 0.468750 0.244167 0.015000 0.025000
0 0.477500 0.254167 0.012500 0.021667
2 0.494375 0.258333 0.026250 0.043333
0 0.566875 0.325000 0.041250 0.053333
0 0.877500 0.493333 0.095000 0.083333
0 0.910625 0.611667 0.163750 0.180000
0 0.983750 0.744167 0.032500 0.121667
0 0.985625 0.610000 0.028750 0.096667
3 0.754375 0.434167 0.171250 0.215000
3 0.633125 0.343333 0.106250 0.143333
3 0.538125 0.280833 0.063750 0.065000
