0 0.390625 0.364167 0.051250 0.061667
0 0.375000 0.294167 0.037500 0.041667
0 0.283750 0.386667 0.045000 0.053333
0 0.296250 0.339167 0.040000 0.045000
0 0.308750 0.286667 0.035000 0.040000
0 0.403750 0.251667 0.025000 0.026667
0 0.349375 0.201667 0.016250 0.016667
0 0.623750 0.911667 0.185000 0.176667
0 0.897500 0.924167 0.205000 0.151667
0 0.876250 0.586667 0.157500 0.176667
0 0.766875 0.501667 0.096250 0.106667
0 0.736250 0.401667 0.080000 0.066667
0 0.696875 0.434167 0.076250 0.088333
0 0.642500 0.399167 0.060000 0.061667
0 0.581250 0.326667 0.060000 0.060000
0 0.539375 0.301667 0.043750 0.046667
0 0.550000 0.266667 0.030000 0.030000
0 0.499375 0.237500 0.023750 0.025000
2 0.516250 0.279167 0.035000 0.041667
2 0.478750 0.243333 0.030000 0.036667
