0 0.364375 0.268333 0.031250 0.036667
0 0.373750 0.220000 0.020000 0.023333
0 0.309375 0.282500 0.028750 0.035000
0 0.302500 0.319167 0.027500 0.045000
0 0.290000 0.385833 0.045000 0.055000
0 0.278750 0.420833 0.052500 0.068333
0 0.386250 0.639167 0.105000 0.131667
2 0.383750 0.377500 0.050000 0.095000
2 0.829375 0.542500 0.138750 0.158333
0 0.603750 0.300000 0.042500 0.046667
0 0.760000 0.442500 0.102500 0.101667
0 0.957500 0.720833 0.085000 0.185000
0 0.473750 0.221667 0.012500 0.020000
0 0.480625 0.248333 0.021250 0.033333
0 0.487500 0.224167 0.017500 0.021667
3 0.531250 0.273333 0.087500 0.103333
