0 0.313750 0.919167 0.200000 0.161667
0 0.405000 0.422500 0.060000 0.071667
0 0.278125 0.413333 0.051250 0.060000
0 0.282500 0.371667 0.040000 0.023333
0 0.311875 0.275833 0.026250 0.035000
0 0.361875 0.259167 0.023750 0.028333
0 0.388125 0.288333 0.031250 0.036667
0 0.398125 0.238333 0.023750 0.023333
0 0.884375 0.594167 0.133750 0.148333
0 0.786875 0.435000 0.086250 0.086667
0 0.696250 0.392500 0.080000 0.148333
0 0.600000 0.352500 0.057500 0.058333
0 0.559375 0.321667 0.038750 0.043333
0 0.531250 0.295000 0.040000 0.036667
0 0.504375 0.268333 0.026250 0.033333
0 0.485625 0.251667 0.026250 0.033333
0 0.466250 0.245000 0.017500 0.023333
