0 0.370000 0.345000 0.042500 0.050000
0 0.280000 0.417500 0.055000 0.058333
0 0.395625 0.567500 0.098750 0.148333
0 0.781250 0.435833 0.085000 0.095000
0 0.863750 0.580000 0.147500 0.150000
0 0.688750 0.370000 0.060000 0.056667
0 0.694375 0.435000 0.093750 0.086667
0 0.592500 0.346667 0.055000 0.063333
0 0.555625 0.323333 0.041250 0.046667
2 0.641875 0.330833 0.058750 0.071667
3 0.541875 0.287500 0.056250 0.078333
0 0.596875 0.307500 0.041250 0.048333
0 0.511250 0.285000 0.022500 0.036667
0 0.388750 0.244167 0.022500 0.025000
