0 0.278750 0.429167 0.072500 0.081667
0 0.370000 0.281667 0.037500 0.043333
0 0.426875 0.291667 0.043750 0.040000
0 0.824375 0.554167 0.121250 0.135000
0 0.740625 0.704167 0.171250 0.181667
0 0.708750 0.446667 0.095000 0.100000
0 0.576875 0.339167 0.046250 0.055000
0 0.541875 0.301667 0.038750 0.046667
0 0.540625 0.262500 0.038750 0.035000
4 0.396875 0.319167 0.021250 0.048333
3 0.633750 0.366667 0.085000 0.106667
1 0.530625 0.229167 0.048750 0.045000
1 0.497500 0.211667 0.037500 0.043333
0 0.309375 0.289167 0.036250 0.048333
0 0.972500 0.735000 0.055000 0.176667
