0 0.506875 0.521667 0.078750 0.103333
0 0.283125 0.385833 0.046250 0.055000
0 0.296250 0.337500 0.042500 0.041667
0 0.368750 0.292500 0.035000 0.035000
0 0.310000 0.289167 0.032500 0.028333
0 0.356250 0.224167 0.017500 0.021667
0 0.978750 0.615833 0.042500 0.101667
3 0.787500 0.447500 0.327500 0.358333
0 0.580000 0.340833 0.052500 0.051667
0 0.554375 0.316667 0.038750 0.033333
0 0.597500 0.300833 0.035000 0.035000
0 0.619375 0.315833 0.013750 0.035000
0 0.528750 0.289167 0.032500 0.038333
0 0.568125 0.284167 0.031250 0.031667
0 0.551250 0.263333 0.020000 0.013333
0 0.511250 0.276667 0.017500 0.030000
0 0.527500 0.259167 0.027500 0.025000
0 0.481875 0.254167 0.016250 0.021667
0 0.392500 0.204167 0.017500 0.015000
0 0.476250 0.240833 0.027500 0.028333
0 0.505000 0.233333 0.022500 0.020000
