0 0.365625 0.267500 0.028750 0.025000
0 0.280625 0.420833 0.051250 0.061667
0 0.864375 0.590000 0.131250 0.130000
0 0.755625 0.491667 0.103750 0.093333
0 0.949375 0.713333 0.101250 0.196667
0 0.987500 0.597500 0.025000 0.071667
0 0.473125 0.245833 0.021250 0.021667
0 0.486875 0.259167 0.021250 0.028333
0 0.500625 0.270833 0.028750 0.031667
0 0.516875 0.285000 0.028750 0.026667
0 0.536250 0.294167 0.032500 0.028333
0 0.547500 0.315000 0.030000 0.040000
0 0.570625 0.330833 0.038750 0.041667
0 0.597500 0.355000 0.047500 0.056667
0 0.628750 0.387500 0.057500 0.065000
2 0.692500 0.420000 0.090000 0.100000
1 0.491875 0.210833 0.033750 0.035000
1 0.525000 0.226667 0.045000 0.043333
