0 0.531250 0.262500 0.027500 0.028333
0 0.621875 0.297500 0.041250 0.041667
0 0.605625 0.355833 0.058750 0.058333
0 0.379375 0.306667 0.038750 0.050000
0 0.412500 0.383333 0.052500 0.056667
0 0.403125 0.635000 0.116250 0.146667
0 0.288750 0.385000 0.042500 0.050000
0 0.294375 0.325833 0.041250 0.055000
0 0.312500 0.281667 0.030000 0.036667
0 0.348750 0.218333 0.015000 0.020000
0 0.392500 0.233333 0.020000 0.023333
3 0.411250 0.256667 0.030000 0.040000
2 0.749375 0.471667 0.098750 0.130000
3 0.858125 0.544167 0.158750 0.221667
0 0.966250 0.601667 0.067500 0.120000
