0 0.278125 0.421667 0.058750 0.066667
0 0.301250 0.341667 0.040000 0.050000
3 0.375000 0.282500 0.065000 0.098333
3 0.429375 0.566667 0.166250 0.326667
0 0.409375 0.390000 0.058750 0.040000
2 0.570625 0.310833 0.048750 0.085000
2 0.601875 0.336667 0.066250 0.090000
2 0.636250 0.373333 0.067500 0.083333
2 0.683125 0.410833 0.086250 0.091667
0 0.740000 0.480000 0.105000 0.110000
0 0.826875 0.565833 0.126250 0.125000
0 0.818750 0.469167 0.102500 0.095000
0 0.951250 0.580000 0.097500 0.103333
0 0.949375 0.705000 0.101250 0.176667
0 0.538750 0.306667 0.032500 0.043333
3 0.524375 0.269167 0.053750 0.061667
