0 0.280000 0.420833 0.062500 0.068333
0 0.270000 0.917500 0.265000 0.165000
0 0.851250 0.563333 0.137500 0.153333
0 0.911875 0.529167 0.118750 0.121667
0 0.785000 0.436667 0.085000 0.086667
0 0.614375 0.369167 0.068750 0.081667
0 0.578750 0.340833 0.042500 0.055000
0 0.598750 0.305833 0.045000 0.041667
0 0.511250 0.280000 0.030000 0.040000
0 0.530000 0.298333 0.035000 0.053333
3 0.556250 0.313333 0.052500 0.060000
3 0.376875 0.561667 0.141250 0.263333
2 0.701250 0.411667 0.122500 0.156667
3 0.489375 0.248333 0.048750 0.050000
