4 0.397500 0.318333 0.017500 0.043333
0 0.278750 0.427500 0.060000 0.068333
0 0.285625 0.377500 0.046250 0.035000
0 0.308125 0.291667 0.033750 0.040000
0 0.315000 0.257500 0.022500 0.031667
0 0.427500 0.294167 0.035000 0.038333
0 0.371250 0.285833 0.027500 0.035000
0 0.741875 0.704167 0.158750 0.158333
0 0.972500 0.726667 0.055000 0.130000
0 0.823125 0.553333 0.113750 0.126667
0 0.993125 0.544167 0.013750 0.065000
0 0.707500 0.449167 0.090000 0.091667
3 0.635000 0.365000 0.080000 0.106667
0 0.576875 0.336667 0.046250 0.046667
0 0.540625 0.303333 0.036250 0.040000
0 0.539375 0.261667 0.031250 0.030000
0 0.493125 0.260833 0.028750 0.031667
1 0.529375 0.230000 0.043750 0.043333
1 0.496250 0.213333 0.032500 0.040000
