3 0.668750 0.402500 0.087500 0.121667
0 0.753750 0.778333 0.192500 0.200000
0 0.436875 0.467500 0.083750 0.091667
0 0.494375 0.368333 0.058750 0.066667
0 0.280000 0.418333 0.060000 0.063333
0 0.365625 0.269167 0.036250 0.041667
0 0.420000 0.265000 0.032500 0.033333
0 0.308750 0.286667 0.042500 0.043333
0 0.510000 0.275833 0.032500 0.041667
0 0.536250 0.261667 0.035000 0.033333
0 0.533750 0.296667 0.042500 0.043333
0 0.560000 0.317500 0.037500 0.048333
2 0.603750 0.344167 0.075000 0.101667
2 0.738125 0.467500 0.101250 0.145000
2 0.854375 0.555000 0.171250 0.216667
0 0.806875 0.435000 0.076250 0.050000
0 0.581250 0.285833 0.042500 0.025000
