0 0.278750 0.416667 0.062500 0.066667
0 0.301250 0.319167 0.040000 0.038333
0 0.400000 0.889167 0.237500 0.221667
0 0.366875 0.260833 0.033750 0.038333
0 0.594375 0.344167 0.053750 0.061667
0 0.703125 0.440000 0.098750 0.096667
0 0.790000 0.528333 0.117500 0.123333
0 0.720000 0.384167 0.060000 0.065000
0 0.783125 0.427500 0.096250 0.091667
0 0.865625 0.495000 0.106250 0.113333
0 0.920625 0.645833 0.151250 0.175000
0 0.963125 0.590000 0.073750 0.146667
2 0.493125 0.358333 0.058750 0.086667
3 0.550000 0.285833 0.072500 0.085000
3 0.603125 0.301667 0.051250 0.050000
3 0.652500 0.370000 0.100000 0.120000
