0 0.276875 0.420833 0.066250 0.068333
0 0.301250 0.322500 0.035000 0.041667
0 0.375000 0.268333 0.032500 0.036667
0 0.420625 0.370833 0.048750 0.061667
0 0.514375 0.553333 0.126250 0.143333
0 0.945625 0.705000 0.108750 0.206667
0 0.829375 0.561667 0.121250 0.143333
0 0.925625 0.540000 0.133750 0.146667
0 0.731875 0.468333 0.108750 0.126667
0 0.797500 0.449167 0.082500 0.091667
0 0.715625 0.384167 0.076250 0.075000
0 0.670625 0.420833 0.066250 0.081667
0 0.630000 0.380833 0.062500 0.068333
0 0.584375 0.343333 0.056250 0.060000
2 0.558125 0.300833 0.056250 0.075000
0 0.516250 0.287500 0.032500 0.045000
