0 0.278750 0.419167 0.062500 0.071667
0 0.298750 0.339167 0.040000 0.048333
0 0.326875 0.804167 0.163750 0.198333
0 0.373125 0.516667 0.088750 0.110000
0 0.383125 0.354167 0.056250 0.061667
0 0.411875 0.289167 0.028750 0.031667
3 0.483125 0.228333 0.053750 0.076667
3 0.640000 0.362500 0.142500 0.148333
3 0.920625 0.604167 0.158750 0.271667
2 0.367500 0.243333 0.032500 0.043333
2 0.561875 0.306667 0.053750 0.076667
0 0.518125 0.279167 0.041250 0.041667
0 0.531250 0.302500 0.022500 0.041667
0 0.707500 0.451667 0.080000 0.083333
0 0.749375 0.408333 0.073750 0.070000
0 0.790000 0.514167 0.127500 0.151667
0 0.816250 0.456667 0.097500 0.093333
