0 0.283750 0.384167 0.052500 0.061667
0 0.309375 0.289167 0.031250 0.041667
0 0.558750 0.476667 0.082500 0.093333
0 0.881875 0.906667 0.218750 0.186667
0 0.754375 0.486667 0.096250 0.110000
0 0.815625 0.454167 0.106250 0.085000
0 0.681875 0.421667 0.076250 0.086667
0 0.635625 0.371667 0.061250 0.086667
0 0.594375 0.349167 0.043750 0.055000
3 0.563125 0.296667 0.063750 0.100000
3 0.508750 0.254167 0.055000 0.088333
2 0.470625 0.331667 0.053750 0.073333
2 0.400000 0.336667 0.050000 0.070000
3 0.936875 0.608333 0.126250 0.390000
