0 0.304375 0.323333 0.038750 0.036667
0 0.373125 0.285000 0.033750 0.030000
0 0.388125 0.329167 0.043750 0.045000
0 0.280625 0.424167 0.056250 0.068333
0 0.412500 0.383333 0.065000 0.070000
0 0.490000 0.366667 0.052500 0.063333
0 0.433125 0.295833 0.036250 0.038333
0 0.527500 0.290000 0.037500 0.040000
0 0.539375 0.309167 0.036250 0.041667
0 0.583125 0.341667 0.056250 0.070000
0 0.658750 0.400000 0.082500 0.086667
0 0.683750 0.371667 0.052500 0.053333
0 0.712500 0.453333 0.080000 0.093333
0 0.648750 0.580000 0.135000 0.116667
0 0.778125 0.525833 0.098750 0.125000
0 0.885000 0.595833 0.172500 0.205000
0 0.503750 0.619167 0.125000 0.141667
2 0.402500 0.253333 0.037500 0.050000
