0 0.414375 0.380833 0.056250 0.075000
0 0.488125 0.233333 0.018750 0.020000
0 0.361875 0.243333 0.023750 0.026667
0 0.657500 0.393333 0.072500 0.080000
0 0.736250 0.409167 0.072500 0.068333
0 0.734375 0.468333 0.086250 0.090000
0 0.300000 0.338333 0.037500 0.040000
0 0.293750 0.381667 0.042500 0.060000
0 0.277500 0.419167 0.047500 0.055000
0 0.299375 0.306667 0.031250 0.023333
0 0.316250 0.281667 0.027500 0.030000
0 0.315000 0.259167 0.025000 0.015000
0 0.966250 0.558333 0.067500 0.123333
0 0.981875 0.733333 0.036250 0.110000
2 0.859375 0.539167 0.183750 0.235000
