0 0.281875 0.389167 0.046250 0.051667
0 0.310000 0.284167 0.032500 0.041667
0 0.873750 0.609167 0.117500 0.115000
0 0.948750 0.571667 0.102500 0.130000
0 0.752500 0.489167 0.102500 0.095000
2 0.866875 0.484167 0.116250 0.115000
0 0.683125 0.429167 0.078750 0.085000
0 0.719375 0.399167 0.058750 0.055000
0 0.638125 0.379167 0.068750 0.075000
0 0.657500 0.351667 0.052500 0.056667
0 0.587500 0.339167 0.050000 0.051667
0 0.610625 0.316667 0.041250 0.043333
0 0.556875 0.317500 0.043750 0.051667
3 0.499375 0.244167 0.076250 0.095000
0 0.562500 0.279167 0.032500 0.025000
0 0.530000 0.299167 0.025000 0.038333
0 0.771875 0.439167 0.083750 0.078333
