0 0.278125 0.421667 0.058750 0.066667
0 0.301250 0.341667 0.040000 0.050000
0 0.447500 0.544167 0.107500 0.128333
0 0.510625 0.405833 0.058750 0.071667
0 0.950625 0.698333 0.098750 0.200000
0 0.835625 0.556667 0.156250 0.166667
0 0.658125 0.415833 0.073750 0.081667
0 0.733125 0.403333 0.073750 0.076667
0 0.622500 0.377500 0.060000 0.068333
0 0.588125 0.341667 0.058750 0.066667
0 0.556875 0.316667 0.046250 0.053333
0 0.587500 0.294167 0.040000 0.038333
3 0.376250 0.270000 0.062500 0.110000
4 0.725625 0.460000 0.036250 0.100000
