0 0.356250 0.243333 0.020000 0.023333
0 0.399375 0.245833 0.026250 0.028333
0 0.420000 0.279167 0.032500 0.031667
0 0.379375 0.311667 0.033750 0.040000
0 0.315625 0.267500 0.023750 0.028333
0 0.300000 0.308333 0.035000 0.023333
0 0.300000 0.340000 0.037500 0.043333
0 0.293750 0.383333 0.045000 0.056667
0 0.279375 0.421667 0.048750 0.063333
0 0.429375 0.455000 0.068750 0.073333
0 0.568750 0.473333 0.087500 0.090000
0 0.902500 0.636667 0.142500 0.153333
0 0.656875 0.410000 0.063750 0.073333
0 0.624375 0.373333 0.066250 0.060000
0 0.585625 0.333333 0.053750 0.060000
0 0.533750 0.297500 0.030000 0.038333
0 0.508750 0.279167 0.030000 0.031667
0 0.486875 0.260833 0.031250 0.031667
3 0.766250 0.446667 0.177500 0.230000
