0 0.284375 0.385000 0.051250 0.063333
0 0.385000 0.329167 0.055000 0.058333
0 0.451875 0.460000 0.076250 0.086667
0 0.360625 0.267500 0.036250 0.041667
0 0.723125 0.729167 0.206250 0.215000
0 0.944375 0.681667 0.111250 0.180000
0 0.821250 0.545000 0.117500 0.133333
0 0.881250 0.510000 0.095000 0.106667
0 0.718125 0.470000 0.098750 0.103333
0 0.780000 0.431667 0.087500 0.093333
0 0.654375 0.407500 0.076250 0.075000
0 0.715625 0.387500 0.071250 0.075000
0 0.615625 0.367500 0.051250 0.068333
0 0.659375 0.346667 0.056250 0.056667
0 0.575000 0.337500 0.047500 0.055000
0 0.610000 0.318333 0.045000 0.043333
0 0.550000 0.317500 0.040000 0.038333
0 0.532500 0.298333 0.035000 0.040000
0 0.583750 0.299167 0.035000 0.038333
2 0.554375 0.273333 0.036250 0.046667
