0 0.381875 0.218333 0.021250 0.020000
0 0.365625 0.285000 0.031250 0.036667
0 0.311875 0.280000 0.028750 0.033333
0 0.304375 0.318333 0.036250 0.040000
0 0.287500 0.386667 0.047500 0.050000
0 0.489375 0.259167 0.021250 0.028333
0 0.513750 0.278333 0.032500 0.033333
0 0.548750 0.310000 0.045000 0.046667
0 0.584375 0.341667 0.058750 0.060000
0 0.636875 0.385833 0.056250 0.068333
0 0.704375 0.430000 0.088750 0.100000
0 0.795625 0.501667 0.128750 0.143333
0 0.938750 0.685833 0.122500 0.175000
0 0.373750 0.455000 0.070000 0.090000
3 0.467500 0.223333 0.030000 0.046667
1 0.588750 0.275833 0.072500 0.081667
