0 0.279375 0.422500 0.066250 0.071667
0 0.301250 0.321667 0.042500 0.046667
0 0.393750 0.322500 0.057500 0.061667
0 0.412500 0.397500 0.062500 0.071667
0 0.548750 0.443333 0.090000 0.096667
0 0.533750 0.296667 0.045000 0.050000
0 0.603125 0.353333 0.061250 0.066667
0 0.654375 0.398333 0.063750 0.073333
0 0.704375 0.374167 0.083750 0.088333
0 0.700000 0.442500 0.080000 0.091667
0 0.770000 0.506667 0.102500 0.120000
0 0.700625 0.670000 0.158750 0.180000
0 0.861875 0.597500 0.126250 0.145000
0 0.880625 0.505000 0.123750 0.120000
4 0.851250 0.435000 0.027500 0.036667
