0 0.278750 0.424167 0.060000 0.065000
0 0.395000 0.440833 0.072500 0.091667
0 0.295000 0.340833 0.045000 0.041667
0 0.401875 0.259167 0.026250 0.031667
0 0.564375 0.283333 0.043750 0.040000
0 0.570625 0.323333 0.051250 0.050000
0 0.601250 0.355000 0.055000 0.063333
0 0.644375 0.392500 0.066250 0.068333
0 0.699375 0.441667 0.096250 0.093333
0 0.720000 0.393333 0.072500 0.073333
0 0.830625 0.470833 0.096250 0.098333
0 0.833125 0.547500 0.138750 0.141667
0 0.931250 0.684167 0.137500 0.175000
2 0.383125 0.307500 0.053750 0.071667
