0 0.291250 0.384167 0.047500 0.051667
0 0.308125 0.335000 0.036250 0.040000
0 0.310000 0.290833 0.032500 0.035000
0 0.298750 0.319167 0.027500 0.041667
0 0.789375 0.519167 0.108750 0.098333
0 0.966875 0.712500 0.066250 0.158333
0 0.506250 0.237500 0.025000 0.025000
0 0.551250 0.266667 0.037500 0.040000
0 0.602500 0.299167 0.047500 0.041667
0 0.522500 0.289167 0.035000 0.041667
0 0.561875 0.320833 0.041250 0.041667
2 0.601250 0.345833 0.057500 0.065000
2 0.660000 0.388333 0.082500 0.090000
3 0.562500 0.236667 0.045000 0.066667
