0 0.623750 0.318333 0.040000 0.043333
0 0.639375 0.382500 0.061250 0.061667
0 0.676875 0.430833 0.066250 0.078333
0 0.593750 0.350833 0.052500 0.055000
0 0.574375 0.319167 0.051250 0.055000
0 0.533125 0.296667 0.036250 0.036667
0 0.466250 0.235833 0.025000 0.025000
0 0.473750 0.246667 0.017500 0.023333
0 0.483125 0.251667 0.016250 0.026667
0 0.486250 0.263333 0.015000 0.030000
2 0.511250 0.269167 0.035000 0.045000
2 0.354375 0.220000 0.021250 0.030000
0 0.313125 0.277500 0.026250 0.028333
0 0.301250 0.318333 0.037500 0.036667
0 0.285000 0.384167 0.042500 0.048333
3 0.441250 0.409167 0.140000 0.285000
3 0.781250 0.457500 0.162500 0.218333
3 0.916250 0.653333 0.167500 0.330000
2 0.928125 0.484167 0.143750 0.125000
