0 0.279375 0.423333 0.061250 0.070000
0 0.386875 0.318333 0.043750 0.050000
0 0.496875 0.410833 0.063750 0.075000
0 0.684375 0.434167 0.081250 0.081667
0 0.746875 0.490000 0.098750 0.103333
0 0.950625 0.575833 0.098750 0.138333
3 0.870000 0.596667 0.165000 0.173333
3 0.227500 0.820833 0.445000 0.358333
3 0.593125 0.330833 0.086250 0.098333
1 0.490000 0.215000 0.027500 0.033333
1 0.520625 0.230000 0.043750 0.046667
0 0.633125 0.380000 0.068750 0.083333
0 0.544375 0.310000 0.038750 0.053333
0 0.968750 0.721667 0.062500 0.166667
