0 0.353125 0.223333 0.018750 0.020000
0 0.355625 0.235833 0.018750 0.021667
0 0.369375 0.275833 0.026250 0.028333
0 0.393125 0.240833 0.021250 0.035000
0 0.396250 0.355833 0.042500 0.048333
0 0.480000 0.346667 0.057500 0.063333
0 0.310000 0.290000 0.032500 0.036667
0 0.304375 0.313333 0.031250 0.026667
0 0.301875 0.338333 0.038750 0.040000
0 0.598125 0.514167 0.098750 0.095000
0 0.510625 0.657500 0.118750 0.135000
0 0.886250 0.895833 0.227500 0.208333
0 0.954375 0.701667 0.091250 0.173333
0 0.690625 0.435000 0.073750 0.080000
0 0.743750 0.484167 0.082500 0.091667
0 0.833750 0.554167 0.127500 0.131667
0 0.505625 0.271667 0.023750 0.030000
0 0.544375 0.265833 0.031250 0.031667
0 0.538750 0.290833 0.037500 0.048333
0 0.575000 0.291667 0.032500 0.033333
0 0.620000 0.320833 0.040000 0.041667
1 0.878750 0.469167 0.237500 0.225000
