0 0.310000 0.282500 0.027500 0.035000
0 0.318125 0.267500 0.021250 0.031667
0 0.281875 0.420833 0.053750 0.058333
0 0.386250 0.354167 0.042500 0.051667
0 0.390000 0.576667 0.092500 0.120000
0 0.747500 0.489167 0.090000 0.091667
0 0.856875 0.573333 0.123750 0.126667
0 0.949375 0.714167 0.101250 0.175000
0 0.564375 0.315000 0.043750 0.046667
0 0.534375 0.292500 0.041250 0.045000
0 0.508750 0.275833 0.030000 0.038333
0 0.488125 0.257500 0.028750 0.038333
1 0.522500 0.229167 0.040000 0.041667
3 0.648125 0.374167 0.178750 0.158333
