3 0.763125 0.426667 0.283750 0.323333
0 0.975625 0.584167 0.048750 0.108333
0 0.604375 0.352500 0.056250 0.058333
2 0.561250 0.305000 0.055000 0.066667
0 0.388125 0.462500 0.068750 0.081667
0 0.280625 0.415000 0.056250 0.063333
0 0.298125 0.333333 0.038750 0.043333
0 0.308750 0.290000 0.030000 0.036667
0 0.373750 0.284167 0.027500 0.035000
0 0.523125 0.288333 0.031250 0.036667
3 0.363750 0.231667 0.037500 0.070000
0 0.465625 0.231667 0.018750 0.023333
0 0.506250 0.238333 0.022500 0.030000
2 0.495000 0.250000 0.027500 0.036667
