0 0.290625 0.384167 0.048750 0.058333
0 0.382500 0.384167 0.060000 0.071667
0 0.516250 0.391667 0.062500 0.060000
0 0.358750 0.298333 0.035000 0.036667
0 0.450000 0.312500 0.042500 0.038333
0 0.283125 0.915833 0.241250 0.168333
0 0.933750 0.675000 0.132500 0.186667
0 0.944375 0.548333 0.111250 0.156667
0 0.810625 0.538333 0.123750 0.133333
3 0.692500 0.414167 0.140000 0.141667
1 0.776250 0.398333 0.175000 0.170000
0 0.606875 0.370833 0.051250 0.065000
0 0.585000 0.344167 0.050000 0.051667
0 0.621875 0.320000 0.048750 0.046667
0 0.567500 0.321667 0.042500 0.046667
0 0.535625 0.306667 0.036250 0.036667
0 0.587500 0.305000 0.032500 0.026667
