4 0.620000 0.317500 0.017500 0.045000
0 0.810625 0.447500 0.078750 0.075000
3 0.884375 0.607500 0.231250 0.395000
0 0.531875 0.430000 0.076250 0.073333
0 0.279375 0.415833 0.053750 0.061667
0 0.297500 0.335833 0.037500 0.045000
0 0.309375 0.291667 0.033750 0.030000
0 0.358125 0.263333 0.023750 0.026667
0 0.405625 0.247500 0.023750 0.028333
0 0.434375 0.284167 0.036250 0.038333
0 0.549375 0.267500 0.036250 0.038333
0 0.508125 0.270000 0.036250 0.036667
0 0.476875 0.244167 0.026250 0.031667
0 0.486250 0.228333 0.020000 0.030000
4 0.520000 0.230833 0.012500 0.021667
