3 0.386250 0.321667 0.077500 0.143333
3 0.748750 0.462500 0.165000 0.151667
0 0.898125 0.622500 0.143750 0.151667
0 0.980625 0.730833 0.038750 0.121667
0 0.498750 0.563333 0.100000 0.116667
0 0.312500 0.282500 0.030000 0.028333
0 0.293750 0.340000 0.042500 0.046667
0 0.276875 0.417500 0.048750 0.065000
0 0.285000 0.372500 0.047500 0.025000
0 0.318125 0.243333 0.021250 0.026667
3 0.350625 0.215833 0.023750 0.038333
0 0.479375 0.253333 0.026250 0.023333
0 0.514375 0.247500 0.028750 0.028333
0 0.495625 0.273333 0.023750 0.026667
0 0.518750 0.282500 0.027500 0.035000
0 0.531250 0.299167 0.030000 0.038333
0 0.649375 0.402500 0.063750 0.065000
0 0.699375 0.369167 0.066250 0.058333
0 0.886875 0.518333 0.113750 0.110000
0 0.610000 0.354167 0.072500 0.071667
0 0.571250 0.335833 0.037500 0.055000
0 0.564375 0.310000 0.048750 0.050000
