4 0.456875 0.629167 0.063750 0.128333
0 0.279375 0.419167 0.063750 0.071667
0 0.398125 0.404167 0.066250 0.088333
0 0.298125 0.337500 0.046250 0.055000
0 0.443750 0.310833 0.042500 0.045000
0 0.506250 0.239167 0.027500 0.031667
0 0.544375 0.269167 0.036250 0.031667
0 0.530000 0.290000 0.042500 0.043333
0 0.564375 0.317500 0.046250 0.051667
0 0.645625 0.332500 0.058750 0.055000
0 0.639375 0.375833 0.073750 0.075000
0 0.795000 0.497500 0.140000 0.118333
0 0.410625 0.274167 0.036250 0.038333
0 0.313125 0.279167 0.033750 0.038333
