0 0.513750 0.442500 0.065000 0.065000
0 0.917500 0.650833 0.157500 0.161667
0 0.720000 0.459167 0.087500 0.088333
0 0.796250 0.440833 0.102500 0.115000
0 0.284375 0.387500 0.048750 0.058333
0 0.405625 0.300833 0.036250 0.041667
0 0.308750 0.287500 0.032500 0.045000
0 0.356875 0.278333 0.028750 0.036667
0 0.671250 0.358333 0.062500 0.056667
0 0.605625 0.360833 0.058750 0.051667
0 0.590625 0.301667 0.038750 0.040000
0 0.541250 0.302500 0.042500 0.041667
0 0.515000 0.279167 0.027500 0.031667
0 0.321250 0.242500 0.017500 0.028333
0 0.348750 0.205833 0.015000 0.018333
0 0.373750 0.207500 0.017500 0.015000
0 0.515000 0.250000 0.020000 0.026667
2 0.539375 0.261667 0.031250 0.036667
0 0.475000 0.250000 0.022500 0.026667
