0 0.278125 0.422500 0.061250 0.071667
0 0.376250 0.473333 0.080000 0.093333
0 0.441250 0.336667 0.050000 0.053333
0 0.296250 0.337500 0.042500 0.045000
0 0.365000 0.285833 0.042500 0.035000
0 0.340625 0.824167 0.193750 0.251667
0 0.960000 0.693333 0.080000 0.183333
0 0.938125 0.544167 0.123750 0.141667
0 0.818750 0.521667 0.140000 0.156667
0 0.717500 0.460833 0.087500 0.095000
0 0.813750 0.442500 0.100000 0.081667
0 0.650000 0.393333 0.075000 0.080000
0 0.703125 0.376667 0.068750 0.070000
0 0.602500 0.354167 0.062500 0.065000
0 0.577500 0.330833 0.047500 0.048333
0 0.547500 0.306667 0.047500 0.056667
0 0.513125 0.275833 0.036250 0.041667
0 0.358125 0.245000 0.026250 0.026667
