0 0.285625 0.384167 0.056250 0.055000
0 0.296250 0.334167 0.042500 0.041667
0 0.311250 0.286667 0.042500 0.036667
0 0.787500 0.501667 0.132500 0.156667
0 0.840000 0.471667 0.095000 0.096667
0 0.699375 0.439167 0.066250 0.091667
0 0.655000 0.404167 0.065000 0.085000
0 0.662500 0.339167 0.062500 0.061667
0 0.709375 0.369167 0.063750 0.065000
0 0.768125 0.416667 0.083750 0.070000
0 0.611250 0.366667 0.060000 0.070000
0 0.584375 0.331667 0.043750 0.053333
0 0.604375 0.306667 0.043750 0.043333
0 0.568750 0.311667 0.042500 0.043333
0 0.531875 0.291667 0.043750 0.046667
0 0.562500 0.279167 0.040000 0.031667
2 0.510625 0.269167 0.038750 0.045000
3 0.926875 0.672500 0.146250 0.338333
