0 0.286250 0.388333 0.052500 0.056667
0 0.305625 0.320000 0.041250 0.040000
0 0.313750 0.280000 0.032500 0.040000
0 0.400625 0.256667 0.028750 0.033333
0 0.646875 0.390000 0.083750 0.096667
0 0.775625 0.429167 0.088750 0.091667
0 0.714375 0.458333 0.103750 0.103333
0 0.833125 0.560833 0.118750 0.145000
0 0.939375 0.703333 0.121250 0.203333
0 0.597500 0.884167 0.232500 0.231667
0 0.516875 0.288333 0.036250 0.043333
0 0.515000 0.250833 0.025000 0.028333
3 0.599375 0.332500 0.098750 0.098333
1 0.489375 0.212500 0.041250 0.045000
0 0.349375 0.224167 0.023750 0.025000
0 0.376875 0.215833 0.016250 0.021667
0 0.391250 0.234167 0.022500 0.021667
