0 0.459375 0.514167 0.091250 0.111667
0 0.463750 0.331667 0.055000 0.060000
0 0.283750 0.390833 0.055000 0.061667
0 0.309375 0.293333 0.028750 0.043333
0 0.936875 0.552500 0.126250 0.135000
0 0.765625 0.500000 0.106250 0.113333
0 0.360625 0.243333 0.026250 0.033333
0 0.646875 0.386667 0.068750 0.073333
0 0.597500 0.350833 0.047500 0.048333
0 0.563125 0.322500 0.046250 0.051667
0 0.594375 0.305833 0.038750 0.038333
0 0.530625 0.296667 0.043750 0.040000
0 0.550000 0.278333 0.032500 0.033333
0 0.540625 0.246667 0.028750 0.030000
3 0.680625 0.329167 0.098750 0.125000
0 0.746250 0.400833 0.077500 0.081667
0 0.484375 0.255833 0.031250 0.031667
3 0.591875 0.271667 0.046250 0.040000
0 0.824375 0.455000 0.101250 0.106667
