2 0.625000 0.369167 0.080000 0.088333
0 0.281875 0.422500 0.058750 0.065000
0 0.296875 0.340000 0.046250 0.050000
0 0.399375 0.335000 0.048750 0.053333
0 0.482500 0.357500 0.057500 0.058333
0 0.433750 0.284167 0.035000 0.041667
0 0.666250 0.420000 0.077500 0.083333
0 0.769375 0.421667 0.088750 0.083333
0 0.795625 0.515833 0.136250 0.148333
0 0.930625 0.660833 0.138750 0.231667
0 0.585000 0.340000 0.042500 0.060000
0 0.561250 0.318333 0.040000 0.053333
0 0.531875 0.295000 0.038750 0.046667
0 0.372500 0.292500 0.035000 0.041667
