0 0.284375 0.390000 0.056250 0.066667
0 0.405625 0.388333 0.071250 0.080000
0 0.545000 0.432500 0.085000 0.088333
0 0.721250 0.462500 0.095000 0.105000
0 0.666250 0.400833 0.082500 0.101667
0 0.616250 0.376667 0.050000 0.066667
2 0.590000 0.334167 0.070000 0.081667
0 0.550000 0.323333 0.037500 0.056667
0 0.891250 0.600833 0.175000 0.185000
0 0.783750 0.781667 0.187500 0.206667
0 0.495000 0.631667 0.130000 0.150000
0 0.313125 0.284167 0.033750 0.038333
0 0.397500 0.245833 0.030000 0.031667
0 0.354375 0.221667 0.023750 0.026667
0 0.542500 0.294167 0.047500 0.045000
2 0.472500 0.339167 0.060000 0.081667
