0 0.280625 0.424167 0.061250 0.065000
0 0.310625 0.342500 0.051250 0.045000
0 0.426875 0.285000 0.033750 0.040000
0 0.397500 0.260000 0.025000 0.030000
0 0.518750 0.285833 0.030000 0.041667
0 0.543750 0.301667 0.045000 0.050000
0 0.566250 0.325000 0.045000 0.046667
0 0.589375 0.351667 0.043750 0.053333
0 0.622500 0.378333 0.055000 0.066667
0 0.666875 0.416667 0.068750 0.076667
0 0.748125 0.479167 0.108750 0.111667
0 0.697500 0.386667 0.065000 0.060000
0 0.861250 0.577500 0.152500 0.161667
0 0.958125 0.719167 0.083750 0.188333
