0 0.278750 0.432500 0.070000 0.071667
0 0.388750 0.380000 0.057500 0.066667
0 0.285000 0.384167 0.050000 0.048333
0 0.371875 0.288333 0.036250 0.036667
0 0.310000 0.292500 0.045000 0.051667
0 0.708750 0.453333 0.082500 0.093333
0 0.815625 0.458333 0.098750 0.086667
2 0.915000 0.605833 0.170000 0.211667
0 0.640000 0.395833 0.065000 0.075000
0 0.712500 0.384167 0.072500 0.075000
0 0.644375 0.340833 0.056250 0.055000
0 0.601875 0.356667 0.061250 0.066667
0 0.572500 0.335833 0.037500 0.048333
0 0.546875 0.314167 0.041250 0.045000
0 0.525625 0.296667 0.033750 0.040000
0 0.565625 0.286667 0.031250 0.036667
0 0.610625 0.317500 0.036250 0.038333
0 0.375625 0.240000 0.026250 0.030000
0 0.490000 0.256667 0.030000 0.040000
0 0.511250 0.275000 0.032500 0.033333
0 0.377500 0.213333 0.017500 0.016667
