2 0.401250 0.794167 0.207500 0.278333
0 0.278125 0.412500 0.051250 0.061667
0 0.285000 0.371667 0.040000 0.023333
0 0.311250 0.277500 0.025000 0.031667
0 0.968750 0.718333 0.062500 0.140000
3 0.872500 0.549167 0.192500 0.261667
0 0.736875 0.466667 0.106250 0.126667
0 0.666875 0.410833 0.068750 0.071667
0 0.620000 0.377500 0.055000 0.058333
0 0.590000 0.338333 0.055000 0.060000
0 0.555625 0.310000 0.048750 0.053333
0 0.526875 0.290000 0.033750 0.043333
0 0.501250 0.266667 0.027500 0.033333
0 0.483125 0.248333 0.026250 0.033333
