0 0.301250 0.317500 0.037500 0.035000
0 0.312500 0.281667 0.025000 0.036667
0 0.288125 0.385000 0.043750 0.053333
0 0.458750 0.229167 0.020000 0.025000
0 0.503125 0.236667 0.021250 0.023333
0 0.688125 0.365833 0.056250 0.051667
0 0.782500 0.434167 0.077500 0.071667
0 0.824375 0.535000 0.116250 0.123333
0 0.913750 0.532500 0.107500 0.101667
0 0.541250 0.302500 0.030000 0.035000
3 0.593750 0.312500 0.080000 0.118333
0 0.645625 0.323333 0.026250 0.053333
0 0.483125 0.221667 0.021250 0.020000
2 0.536250 0.247500 0.032500 0.035000
4 0.966250 0.689167 0.067500 0.138333
