0 0.376875 0.296667 0.031250 0.033333
0 0.309375 0.283333 0.031250 0.040000
0 0.303750 0.325000 0.032500 0.043333
0 0.383750 0.335000 0.042500 0.053333
0 0.280625 0.422500 0.051250 0.061667
0 0.599375 0.345833 0.061250 0.065000
0 0.638750 0.336667 0.047500 0.050000
0 0.702500 0.380000 0.062500 0.060000
0 0.854375 0.494167 0.093750 0.091667
0 0.973750 0.711667 0.052500 0.143333
0 0.546875 0.275833 0.031250 0.038333
0 0.518750 0.291667 0.032500 0.033333
0 0.472500 0.245833 0.025000 0.021667
0 0.493125 0.265000 0.028750 0.033333
2 0.519375 0.252500 0.026250 0.035000
2 0.750000 0.460000 0.120000 0.140000
