0 0.278750 0.417500 0.065000 0.065000
0 0.306875 0.285833 0.041250 0.045000
0 0.446875 0.308333 0.046250 0.050000
0 0.510000 0.272500 0.040000 0.045000
0 0.555625 0.317500 0.046250 0.045000
0 0.604375 0.300000 0.048750 0.050000
0 0.595625 0.348333 0.053750 0.056667
0 0.655000 0.395000 0.075000 0.083333
0 0.712500 0.449167 0.097500 0.101667
0 0.495000 0.652500 0.127500 0.148333
0 0.826250 0.846667 0.235000 0.266667
3 0.415000 0.405000 0.087500 0.113333
3 0.846250 0.516667 0.197500 0.270000
0 0.962500 0.710000 0.075000 0.180000
3 0.482500 0.227500 0.052500 0.081667
