3 0.395000 0.472500 0.147500 0.298333
3 0.561250 0.287500 0.122500 0.161667
0 0.284375 0.387500 0.061250 0.071667
0 0.297500 0.339167 0.047500 0.048333
0 0.384375 0.319167 0.053750 0.061667
0 0.648125 0.392500 0.081250 0.081667
0 0.724375 0.391667 0.071250 0.073333
0 0.720000 0.461667 0.100000 0.103333
0 0.795000 0.433333 0.105000 0.096667
0 0.830000 0.541667 0.157500 0.150000
0 0.899375 0.507500 0.118750 0.131667
0 0.791250 0.785000 0.227500 0.246667
0 0.943750 0.698333 0.112500 0.170000
0 0.962500 0.592500 0.075000 0.125000
0 0.681250 0.361667 0.052500 0.050000
0 0.643750 0.335000 0.060000 0.050000
0 0.310000 0.291667 0.037500 0.033333
