0 0.366250 0.280000 0.032500 0.040000
0 0.400000 0.244167 0.027500 0.025000
0 0.349375 0.215833 0.018750 0.025000
0 0.313750 0.261667 0.027500 0.030000
0 0.308750 0.286667 0.030000 0.030000
0 0.303125 0.319167 0.033750 0.038333
0 0.289375 0.389167 0.046250 0.051667
0 0.278750 0.420833 0.055000 0.068333
0 0.432500 0.482500 0.070000 0.095000
0 0.396250 0.343333 0.045000 0.056667
0 0.553750 0.270000 0.030000 0.040000
0 0.553125 0.310833 0.043750 0.048333
0 0.590625 0.295833 0.038750 0.045000
0 0.773125 0.430000 0.078750 0.073333
2 0.975625 0.576667 0.048750 0.146667
3 0.664375 0.386667 0.156250 0.166667
3 0.506250 0.246667 0.072500 0.096667
0 0.318125 0.940000 0.238750 0.120000
3 0.686250 0.305833 0.075000 0.075000
