0 0.280625 0.422500 0.063750 0.065000
0 0.294375 0.341667 0.043750 0.053333
0 0.548125 0.282500 0.048750 0.041667
0 0.555000 0.319167 0.040000 0.048333
0 0.592500 0.295000 0.040000 0.040000
0 0.588125 0.339167 0.048750 0.058333
0 0.623750 0.321667 0.050000 0.050000
0 0.662500 0.350000 0.045000 0.053333
0 0.628750 0.380000 0.067500 0.073333
0 0.705625 0.375833 0.066250 0.065000
0 0.677500 0.421667 0.077500 0.090000
0 0.749375 0.416667 0.076250 0.080000
0 0.725625 0.465833 0.081250 0.091667
0 0.843125 0.480000 0.101250 0.110000
0 0.798125 0.532500 0.116250 0.135000
0 0.952500 0.578333 0.095000 0.140000
0 0.931250 0.664167 0.137500 0.171667
