2 0.600625 0.352500 0.071250 0.078333
0 0.517500 0.285000 0.040000 0.040000
0 0.679375 0.424167 0.073750 0.081667
0 0.562500 0.478333 0.102500 0.090000
0 0.497500 0.367500 0.067500 0.055000
0 0.286250 0.388333 0.052500 0.056667
0 0.390625 0.262500 0.031250 0.031667
0 0.366875 0.295000 0.041250 0.046667
0 0.765000 0.495000 0.112500 0.116667
0 0.869375 0.865833 0.261250 0.268333
0 0.545625 0.804167 0.178750 0.248333
0 0.884375 0.606667 0.138750 0.150000
0 0.963125 0.721667 0.073750 0.166667
0 0.555000 0.324167 0.042500 0.048333
0 0.307500 0.321667 0.040000 0.040000
