2 0.683125 0.410833 0.083750 0.101667
2 0.598125 0.341667 0.058750 0.070000
3 0.360625 0.233333 0.038750 0.060000
0 0.733750 0.394167 0.057500 0.068333
0 0.863750 0.578333 0.127500 0.126667
0 0.965625 0.712500 0.068750 0.128333
0 0.853750 0.484167 0.095000 0.091667
0 0.628750 0.320833 0.050000 0.055000
2 0.536250 0.247500 0.032500 0.038333
0 0.579375 0.285833 0.041250 0.041667
0 0.556250 0.306667 0.047500 0.053333
0 0.495625 0.260000 0.031250 0.030000
0 0.276875 0.415833 0.058750 0.058333
0 0.296875 0.335000 0.041250 0.046667
0 0.307500 0.289167 0.027500 0.035000
