0 0.277500 0.895833 0.202500 0.208333
0 0.279375 0.423333 0.061250 0.066667
0 0.301875 0.322500 0.041250 0.048333
0 0.380000 0.351667 0.055000 0.056667
0 0.429375 0.509167 0.096250 0.131667
0 0.365000 0.275000 0.032500 0.036667
0 0.869375 0.596667 0.141250 0.153333
0 0.957500 0.576667 0.085000 0.130000
0 0.956250 0.720000 0.087500 0.166667
0 0.736875 0.482500 0.111250 0.108333
0 0.635000 0.385000 0.067500 0.063333
0 0.676250 0.420833 0.075000 0.078333
0 0.727500 0.400833 0.065000 0.071667
0 0.671250 0.358333 0.062500 0.063333
1 0.831250 0.438333 0.165000 0.173333
3 0.586875 0.311667 0.093750 0.120000
0 0.535000 0.305833 0.035000 0.058333
