0 0.301250 0.340833 0.040000 0.048333
0 0.513125 0.281667 0.031250 0.036667
0 0.551875 0.305833 0.048750 0.051667
0 0.596875 0.350000 0.053750 0.063333
0 0.606250 0.310000 0.047500 0.043333
0 0.650000 0.396667 0.072500 0.080000
0 0.643125 0.339167 0.051250 0.048333
0 0.685625 0.370833 0.051250 0.058333
0 0.708125 0.452500 0.083750 0.091667
0 0.740000 0.405833 0.075000 0.068333
0 0.797500 0.451667 0.095000 0.080000
0 0.796875 0.521667 0.118750 0.133333
0 0.906875 0.529167 0.116250 0.098333
0 0.929375 0.657500 0.141250 0.191667
4 0.754375 0.368333 0.018750 0.033333
