0 0.534375 0.675833 0.153750 0.195000
0 0.643750 0.549167 0.132500 0.145000
0 0.393125 0.366667 0.063750 0.073333
0 0.451250 0.310833 0.050000 0.048333
0 0.277500 0.427500 0.060000 0.065000
0 0.282500 0.381667 0.050000 0.050000
0 0.310000 0.294167 0.035000 0.038333
0 0.605000 0.353333 0.060000 0.080000
0 0.571875 0.330000 0.038750 0.053333
0 0.553125 0.313333 0.041250 0.043333
0 0.523125 0.290833 0.033750 0.041667
3 0.688125 0.405000 0.116250 0.156667
3 0.881875 0.608333 0.233750 0.403333
2 0.359375 0.265833 0.038750 0.051667
2 0.408125 0.255833 0.033750 0.048333
0 0.491875 0.260833 0.026250 0.028333
1 0.506875 0.220833 0.053750 0.048333
