0 0.397500 0.449167 0.065000 0.075000
0 0.281875 0.418333 0.053750 0.056667
0 0.302500 0.338333 0.040000 0.040000
0 0.300625 0.305000 0.031250 0.026667
0 0.315625 0.265833 0.026250 0.028333
0 0.351250 0.226667 0.015000 0.016667
0 0.370625 0.265833 0.026250 0.035000
0 0.335000 0.666667 0.115000 0.146667
0 0.610625 0.368333 0.061250 0.056667
0 0.678750 0.415000 0.085000 0.086667
0 0.770000 0.499167 0.105000 0.115000
0 0.517500 0.255000 0.025000 0.026667
0 0.961250 0.719167 0.077500 0.168333
2 0.890000 0.586667 0.162500 0.173333
2 0.579375 0.320833 0.061250 0.081667
