4 0.788125 0.530000 0.038750 0.096667
0 0.873125 0.588333 0.158750 0.183333
0 0.777500 0.442500 0.095000 0.095000
0 0.733750 0.485000 0.095000 0.113333
0 0.278125 0.420833 0.063750 0.078333
0 0.394375 0.406667 0.066250 0.083333
0 0.376250 0.290000 0.040000 0.043333
0 0.310000 0.300833 0.037500 0.045000
0 0.960000 0.717500 0.080000 0.211667
0 0.675625 0.422500 0.078750 0.081667
0 0.524375 0.290833 0.033750 0.041667
0 0.562500 0.271667 0.037500 0.036667
0 0.547500 0.308333 0.037500 0.036667
0 0.565625 0.331667 0.046250 0.043333
0 0.596250 0.354167 0.052500 0.055000
0 0.628750 0.384167 0.060000 0.068333
