0 0.280625 0.422500 0.063750 0.068333
0 0.295625 0.340000 0.043750 0.046667
0 0.390000 0.328333 0.047500 0.040000
0 0.417500 0.392500 0.065000 0.058333
0 0.501250 0.379167 0.067500 0.078333
0 0.425000 0.277500 0.035000 0.038333
0 0.461875 0.508333 0.096250 0.110000
0 0.753125 0.725000 0.188750 0.206667
0 0.920625 0.639167 0.151250 0.181667
1 0.722500 0.415000 0.222500 0.253333
0 0.575000 0.336667 0.052500 0.053333
0 0.605625 0.362500 0.048750 0.075000
0 0.555625 0.302500 0.051250 0.055000
0 0.511250 0.281667 0.035000 0.040000
