0 0.283125 0.387500 0.043750 0.055000
0 0.295000 0.339167 0.040000 0.041667
0 0.308750 0.289167 0.035000 0.045000
0 0.408750 0.259167 0.032500 0.035000
0 0.385625 0.323333 0.043750 0.046667
0 0.447500 0.309167 0.045000 0.045000
0 0.801875 0.816667 0.178750 0.186667
0 0.925625 0.651667 0.148750 0.173333
0 0.835000 0.470000 0.112500 0.103333
0 0.712500 0.435000 0.082500 0.086667
2 0.958125 0.490833 0.083750 0.121667
0 0.636875 0.380000 0.066250 0.073333
0 0.595000 0.352500 0.042500 0.051667
0 0.566250 0.322500 0.050000 0.048333
0 0.537500 0.306667 0.035000 0.036667
0 0.518125 0.283333 0.038750 0.040000
0 0.490000 0.227500 0.020000 0.018333
0 0.496250 0.273333 0.022500 0.026667
0 0.487500 0.256667 0.022500 0.026667
0 0.471250 0.249167 0.020000 0.025000
