4 0.321250 0.422500 0.030000 0.078333
2 0.608750 0.348333 0.070000 0.083333
0 0.666250 0.403333 0.087500 0.096667
0 0.506250 0.396667 0.065000 0.070000
0 0.546250 0.298333 0.045000 0.060000
0 0.576875 0.288333 0.038750 0.043333
0 0.507500 0.271667 0.030000 0.036667
0 0.425625 0.284167 0.038750 0.038333
0 0.764375 0.494167 0.103750 0.118333
0 0.277500 0.424167 0.062500 0.068333
0 0.299375 0.322500 0.043750 0.045000
0 0.372500 0.290000 0.037500 0.050000
0 0.873750 0.583333 0.147500 0.166667
0 0.965625 0.725000 0.068750 0.173333
