0 0.296875 0.929167 0.246250 0.141667
0 0.380000 0.498333 0.080000 0.103333
0 0.284375 0.391667 0.043750 0.056667
0 0.530000 0.266667 0.027500 0.023333
0 0.498125 0.227500 0.018750 0.018333
0 0.530625 0.297500 0.038750 0.041667
0 0.558750 0.330000 0.037500 0.046667
0 0.593125 0.350833 0.048750 0.058333
0 0.630000 0.336667 0.050000 0.053333
0 0.638125 0.393333 0.068750 0.076667
0 0.722500 0.394167 0.065000 0.068333
0 0.721875 0.460833 0.088750 0.081667
0 0.811875 0.451667 0.096250 0.093333
0 0.811875 0.544167 0.113750 0.138333
0 0.917500 0.545833 0.117500 0.111667
0 0.946875 0.698333 0.106250 0.196667
