0 0.528750 0.292500 0.030000 0.031667
0 0.546250 0.313333 0.032500 0.040000
0 0.565000 0.331667 0.040000 0.046667
0 0.596250 0.354167 0.050000 0.061667
0 0.508750 0.268333 0.030000 0.033333
3 0.781250 0.475833 0.340000 0.338333
0 0.442500 0.365833 0.055000 0.071667
0 0.490625 0.254167 0.028750 0.038333
0 0.280625 0.418333 0.051250 0.056667
0 0.293125 0.379167 0.043750 0.055000
0 0.300000 0.337500 0.035000 0.041667
0 0.299375 0.305000 0.031250 0.023333
0 0.320000 0.264167 0.022500 0.028333
0 0.311250 0.278333 0.017500 0.026667
2 0.366875 0.260833 0.026250 0.035000
