0 0.361250 0.457500 0.070000 0.098333
0 0.375625 0.307500 0.046250 0.061667
0 0.285000 0.385833 0.057500 0.061667
0 0.306250 0.324167 0.042500 0.041667
0 0.408750 0.257500 0.035000 0.035000
0 0.300000 0.897500 0.257500 0.205000
0 0.924375 0.648333 0.151250 0.220000
0 0.775625 0.500000 0.116250 0.126667
0 0.816250 0.453333 0.102500 0.103333
0 0.936875 0.540000 0.126250 0.130000
0 0.637500 0.400000 0.060000 0.080000
0 0.683750 0.361667 0.057500 0.050000
0 0.606875 0.363333 0.056250 0.063333
0 0.635625 0.334167 0.046250 0.045000
2 0.702500 0.425833 0.095000 0.108333
3 0.556875 0.290000 0.126250 0.160000
