0 0.403125 0.423333 0.068750 0.090000
0 0.286875 0.388333 0.053750 0.063333
0 0.297500 0.336667 0.047500 0.050000
0 0.311250 0.287500 0.037500 0.041667
0 0.368750 0.269167 0.037500 0.038333
0 0.358750 0.233333 0.027500 0.030000
0 0.481250 0.250833 0.032500 0.035000
0 0.519375 0.280833 0.038750 0.041667
0 0.580625 0.328333 0.058750 0.076667
0 0.616875 0.311667 0.048750 0.060000
0 0.680625 0.421667 0.086250 0.080000
0 0.817500 0.458333 0.100000 0.093333
0 0.807500 0.527500 0.115000 0.121667
2 0.532500 0.626667 0.132500 0.206667
2 0.553750 0.269167 0.037500 0.045000
