0 0.353750 0.240000 0.020000 0.016667
0 0.390000 0.231667 0.020000 0.023333
0 0.403125 0.255000 0.026250 0.026667
0 0.363750 0.261667 0.022500 0.026667
0 0.436875 0.297500 0.036250 0.038333
0 0.371875 0.294167 0.028750 0.035000
0 0.390625 0.335000 0.038750 0.046667
0 0.319375 0.264167 0.021250 0.031667
0 0.307500 0.280000 0.025000 0.033333
0 0.301250 0.307500 0.032500 0.025000
0 0.301250 0.337500 0.040000 0.038333
0 0.294375 0.379167 0.043750 0.055000
0 0.279375 0.421667 0.053750 0.063333
0 0.570625 0.330000 0.046250 0.046667
0 0.544375 0.300833 0.041250 0.035000
0 0.533750 0.260000 0.027500 0.030000
3 0.754375 0.428333 0.316250 0.346667
0 0.510625 0.276667 0.031250 0.040000
0 0.490000 0.262500 0.020000 0.031667
