0 0.280625 0.419167 0.066250 0.071667
0 0.302500 0.321667 0.042500 0.050000
0 0.378750 0.524167 0.077500 0.105000
0 0.285000 0.925833 0.275000 0.148333
0 0.427500 0.322500 0.050000 0.051667
0 0.557500 0.313333 0.047500 0.050000
0 0.608125 0.360833 0.056250 0.058333
0 0.622500 0.325833 0.047500 0.048333
0 0.690000 0.378333 0.065000 0.063333
4 0.652500 0.390833 0.032500 0.071667
2 0.808125 0.514167 0.146250 0.168333
0 0.877500 0.500833 0.092500 0.105000
0 0.416875 0.278333 0.031250 0.030000
0 0.523750 0.289167 0.040000 0.048333
