0 0.399375 0.645000 0.111250 0.136667
0 0.404375 0.381667 0.053750 0.056667
0 0.426250 0.277500 0.032500 0.035000
0 0.295000 0.378333 0.045000 0.053333
0 0.279375 0.419167 0.048750 0.061667
0 0.351875 0.223333 0.016250 0.020000
0 0.385625 0.232500 0.018750 0.018333
0 0.521250 0.282500 0.032500 0.031667
0 0.471875 0.238333 0.023750 0.026667
0 0.561875 0.307500 0.048750 0.048333
0 0.613125 0.357500 0.056250 0.068333
0 0.657500 0.343333 0.052500 0.063333
0 0.751250 0.468333 0.112500 0.126667
0 0.778125 0.424167 0.078750 0.085000
0 0.925625 0.541667 0.131250 0.136667
