4 0.474375 0.871667 0.081250 0.196667
3 0.369375 0.269167 0.048750 0.075000
1 0.556250 0.263333 0.067500 0.073333
0 0.390000 0.357500 0.055000 0.065000
0 0.303750 0.320833 0.040000 0.045000
0 0.395000 0.580833 0.117500 0.145000
0 0.573750 0.327500 0.055000 0.061667
0 0.631875 0.328333 0.056250 0.053333
0 0.663750 0.405000 0.082500 0.090000
0 0.803750 0.445833 0.090000 0.091667
0 0.778750 0.501667 0.122500 0.136667
0 0.955000 0.701667 0.090000 0.196667
0 0.531875 0.295000 0.036250 0.043333
0 0.510000 0.276667 0.027500 0.033333
