2 0.613125 0.499167 0.113750 0.148333
0 0.813125 0.792500 0.196250 0.195000
0 0.627500 0.936667 0.177500 0.126667
0 0.353125 0.221667 0.018750 0.020000
0 0.398750 0.255000 0.022500 0.023333
0 0.387500 0.305000 0.040000 0.043333
0 0.278750 0.415833 0.055000 0.058333
0 0.296875 0.335833 0.038750 0.045000
0 0.310000 0.290000 0.030000 0.033333
0 0.537500 0.288333 0.040000 0.050000
0 0.576250 0.329167 0.047500 0.051667
0 0.619375 0.368333 0.056250 0.060000
0 0.680000 0.410000 0.075000 0.070000
0 0.746250 0.475000 0.095000 0.093333
0 0.864375 0.586667 0.136250 0.133333
0 0.972500 0.718333 0.055000 0.140000
