0 0.570000 0.338333 0.040000 0.046667
0 0.601875 0.361667 0.046250 0.053333
0 0.640000 0.393333 0.065000 0.073333
0 0.685000 0.375000 0.060000 0.053333
0 0.718750 0.447500 0.087500 0.091667
0 0.789375 0.437500 0.091250 0.091667
0 0.874375 0.590833 0.141250 0.148333
0 0.543750 0.310833 0.042500 0.048333
0 0.588750 0.305833 0.037500 0.045000
0 0.633125 0.330000 0.046250 0.053333
0 0.525000 0.292500 0.027500 0.035000
0 0.553750 0.274167 0.032500 0.021667
0 0.509375 0.281667 0.033750 0.043333
3 0.530625 0.236667 0.051250 0.053333
3 0.403125 0.234167 0.056250 0.095000
3 0.395625 0.352500 0.073750 0.105000
0 0.304375 0.321667 0.033750 0.043333
0 0.309375 0.279167 0.031250 0.045000
0 0.280625 0.421667 0.053750 0.063333
0 0.396875 0.597500 0.096250 0.118333
0 0.965625 0.575000 0.068750 0.163333
