0 0.475000 0.242500 0.022500 0.028333
0 0.491250 0.254167 0.027500 0.035000
0 0.507500 0.270000 0.032500 0.036667
0 0.540000 0.293333 0.035000 0.040000
0 0.561875 0.309167 0.036250 0.045000
0 0.670625 0.417500 0.066250 0.068333
0 0.735625 0.466667 0.096250 0.110000
0 0.843750 0.561667 0.130000 0.136667
0 0.953750 0.724167 0.092500 0.175000
0 0.311875 0.284167 0.028750 0.031667
0 0.303750 0.318333 0.032500 0.043333
0 0.288125 0.385833 0.043750 0.048333
4 0.328125 0.380833 0.021250 0.068333
1 0.630000 0.341667 0.122500 0.133333
