0 0.279375 0.421667 0.063750 0.060000
0 0.308750 0.299167 0.035000 0.035000
0 0.398125 0.254167 0.028750 0.028333
0 0.413750 0.315833 0.042500 0.041667
0 0.409375 0.392500 0.063750 0.068333
0 0.313750 0.763333 0.190000 0.236667
3 0.600000 0.335833 0.075000 0.091667
0 0.700000 0.370000 0.072500 0.076667
0 0.666875 0.404167 0.081250 0.095000
0 0.747500 0.483333 0.102500 0.116667
0 0.851250 0.575833 0.157500 0.168333
0 0.910000 0.527500 0.120000 0.155000
0 0.556250 0.322500 0.040000 0.045000
0 0.541875 0.301667 0.038750 0.046667
0 0.516875 0.288333 0.028750 0.043333
