0 0.351250 0.225000 0.017500 0.020000
0 0.394375 0.242500 0.021250 0.025000
0 0.356875 0.247500 0.021250 0.025000
0 0.313125 0.283333 0.026250 0.033333
0 0.303125 0.318333 0.031250 0.046667
0 0.287500 0.385833 0.042500 0.051667
0 0.355625 0.931667 0.211250 0.136667
0 0.588125 0.297500 0.038750 0.035000
0 0.547500 0.313333 0.037500 0.040000
0 0.581250 0.336667 0.050000 0.046667
0 0.633125 0.365833 0.071250 0.091667
0 0.717500 0.394167 0.040000 0.048333
0 0.460625 0.235833 0.018750 0.018333
0 0.471875 0.246667 0.023750 0.030000
3 0.511250 0.265833 0.072500 0.075000
3 0.815625 0.485833 0.228750 0.261667
3 0.400000 0.341667 0.087500 0.140000
