0 0.280625 0.425000 0.061250 0.073333
0 0.299375 0.322500 0.041250 0.045000
0 0.408125 0.385000 0.061250 0.066667
0 0.522500 0.408333 0.075000 0.076667
0 0.623125 0.371667 0.073750 0.076667
0 0.615625 0.543333 0.121250 0.116667
0 0.447500 0.304167 0.045000 0.045000
0 0.581250 0.337500 0.050000 0.048333
0 0.510625 0.273333 0.031250 0.040000
0 0.524375 0.296667 0.021250 0.040000
2 0.557500 0.308333 0.052500 0.056667
0 0.728125 0.468333 0.098750 0.100000
0 0.869375 0.573333 0.156250 0.193333
0 0.416250 0.265833 0.032500 0.035000
