0 0.281875 0.420000 0.068750 0.066667
0 0.448125 0.330833 0.048750 0.055000
0 0.301250 0.320000 0.045000 0.040000
0 0.547500 0.310000 0.050000 0.050000
0 0.589375 0.301667 0.043750 0.043333
0 0.620625 0.372500 0.053750 0.061667
0 0.656250 0.347500 0.057500 0.055000
0 0.665625 0.412500 0.081250 0.085000
0 0.722500 0.390833 0.072500 0.075000
0 0.760000 0.490833 0.100000 0.111667
0 0.801250 0.454167 0.090000 0.091667
0 0.854375 0.585000 0.136250 0.153333
2 0.901250 0.507500 0.135000 0.151667
0 0.965625 0.721667 0.068750 0.206667
