0 0.425000 0.323333 0.040000 0.046667
0 0.312500 0.280833 0.025000 0.031667
0 0.277500 0.414167 0.055000 0.068333
0 0.897500 0.600000 0.157500 0.186667
0 0.972500 0.725833 0.055000 0.151667
0 0.928125 0.534167 0.113750 0.141667
0 0.773750 0.510000 0.115000 0.113333
0 0.696875 0.410000 0.093750 0.073333
3 0.596875 0.325833 0.131250 0.141667
0 0.515625 0.281667 0.026250 0.030000
0 0.525000 0.295000 0.017500 0.033333
0 0.538125 0.250833 0.028750 0.028333
0 0.484375 0.225833 0.018750 0.018333
0 0.458750 0.234167 0.025000 0.028333
0 0.353125 0.227500 0.016250 0.021667
