0 0.354375 0.226667 0.021250 0.026667
0 0.315000 0.278333 0.025000 0.030000
0 0.309375 0.312500 0.033750 0.045000
0 0.290625 0.381667 0.046250 0.050000
0 0.281875 0.415833 0.053750 0.068333
0 0.521250 0.246667 0.027500 0.030000
0 0.462500 0.231667 0.025000 0.023333
0 0.491875 0.226667 0.021250 0.020000
0 0.484375 0.251667 0.026250 0.033333
0 0.526875 0.288333 0.031250 0.040000
0 0.560000 0.276667 0.032500 0.033333
0 0.551875 0.311667 0.041250 0.043333
0 0.629375 0.379167 0.061250 0.065000
0 0.671875 0.362500 0.033750 0.055000
3 0.772500 0.444167 0.190000 0.228333
4 0.930000 0.556667 0.047500 0.100000
