0 0.280625 0.419167 0.066250 0.071667
0 0.302500 0.321667 0.042500 0.050000
0 0.435000 0.573333 0.100000 0.133333
0 0.891250 0.614167 0.150000 0.165000
0 0.926250 0.541667 0.117500 0.120000
0 0.765625 0.507500 0.108750 0.108333
0 0.804375 0.455833 0.096250 0.085000
0 0.691250 0.432500 0.077500 0.078333
0 0.730000 0.409167 0.072500 0.068333
0 0.646250 0.388333 0.065000 0.063333
0 0.682500 0.367500 0.055000 0.048333
0 0.600625 0.356667 0.051250 0.056667
0 0.641250 0.342500 0.040000 0.031667
0 0.648750 0.307500 0.047500 0.045000
0 0.620625 0.317500 0.043750 0.035000
3 0.500625 0.349167 0.153750 0.228333
