0 0.276250 0.415000 0.057500 0.063333
0 0.295625 0.334167 0.038750 0.045000
0 0.309375 0.289167 0.026250 0.035000
0 0.857500 0.580000 0.127500 0.133333
0 0.920000 0.532500 0.115000 0.115000
0 0.952500 0.706667 0.095000 0.203333
0 0.756875 0.498333 0.093750 0.093333
0 0.817500 0.454167 0.092500 0.095000
0 0.744375 0.405833 0.066250 0.065000
0 0.686250 0.426667 0.080000 0.096667
0 0.642500 0.392500 0.047500 0.058333
0 0.603750 0.350833 0.055000 0.061667
0 0.570625 0.325000 0.038750 0.046667
0 0.543125 0.301667 0.033750 0.036667
0 0.520625 0.284167 0.026250 0.031667
