4 0.333750 0.339167 0.020000 0.055000
2 0.596875 0.339167 0.056250 0.078333
2 0.553125 0.800833 0.208750 0.298333
0 0.281250 0.420833 0.062500 0.068333
0 0.298125 0.336667 0.043750 0.053333
0 0.515000 0.281667 0.030000 0.040000
0 0.543125 0.299167 0.036250 0.045000
0 0.563125 0.317500 0.036250 0.055000
0 0.628750 0.369167 0.067500 0.078333
0 0.669375 0.420833 0.071250 0.081667
0 0.730000 0.387500 0.072500 0.061667
0 0.746875 0.474167 0.111250 0.138333
0 0.812500 0.443333 0.100000 0.090000
0 0.860000 0.570833 0.160000 0.175000
0 0.936875 0.535833 0.118750 0.081667
0 0.538125 0.260833 0.033750 0.031667
