0 0.400625 0.476667 0.086250 0.126667
0 0.303750 0.315833 0.042500 0.045000
0 0.587500 0.306667 0.040000 0.040000
0 0.386250 0.276667 0.032500 0.036667
0 0.441875 0.302500 0.046250 0.048333
0 0.283750 0.390000 0.057500 0.063333
0 0.635625 0.382500 0.068750 0.075000
0 0.538750 0.304167 0.042500 0.045000
0 0.590000 0.352500 0.050000 0.058333
0 0.625625 0.330000 0.048750 0.040000
0 0.711875 0.386667 0.066250 0.066667
0 0.761875 0.427500 0.078750 0.068333
0 0.681250 0.426667 0.072500 0.083333
0 0.746250 0.483333 0.097500 0.110000
0 0.836250 0.557500 0.137500 0.151667
0 0.830000 0.470000 0.102500 0.100000
0 0.929375 0.550833 0.126250 0.115000
0 0.935625 0.667500 0.128750 0.185000
2 0.318125 0.841667 0.238750 0.250000
0 0.561875 0.325833 0.043750 0.048333
3 0.357500 0.246667 0.037500 0.066667
0 0.373750 0.365833 0.055000 0.065000
