0 0.359375 0.239167 0.021250 0.028333
0 0.406875 0.250833 0.023750 0.028333
0 0.311250 0.280833 0.027500 0.031667
0 0.304375 0.316667 0.033750 0.043333
0 0.288125 0.388333 0.043750 0.053333
0 0.523125 0.290000 0.023750 0.026667
0 0.545625 0.310833 0.036250 0.045000
0 0.567500 0.320000 0.042500 0.053333
0 0.586875 0.341667 0.051250 0.066667
0 0.648750 0.385833 0.067500 0.058333
0 0.740000 0.464167 0.102500 0.108333
0 0.835625 0.550833 0.136250 0.141667
0 0.956250 0.673333 0.087500 0.200000
0 0.980625 0.562500 0.038750 0.021667
3 0.502500 0.247500 0.047500 0.078333
4 0.895625 0.520000 0.048750 0.090000
0 0.471250 0.239167 0.025000 0.031667
