3 0.834375 0.525833 0.331250 0.478333
3 0.598125 0.320000 0.078750 0.110000
0 0.652500 0.387500 0.057500 0.081667
0 0.481250 0.220000 0.017500 0.023333
0 0.460000 0.228333 0.017500 0.023333
0 0.533125 0.291667 0.033750 0.046667
2 0.505625 0.265833 0.031250 0.045000
2 0.549375 0.309167 0.023750 0.058333
0 0.551875 0.262500 0.021250 0.011667
0 0.393750 0.243333 0.020000 0.023333
0 0.379375 0.332500 0.038750 0.045000
0 0.378125 0.541667 0.081250 0.103333
0 0.313125 0.282500 0.031250 0.028333
0 0.302500 0.319167 0.030000 0.038333
0 0.288125 0.385833 0.041250 0.051667
0 0.221875 0.960000 0.218750 0.080000
