0 0.283750 0.386667 0.057500 0.056667
0 0.297500 0.336667 0.047500 0.050000
0 0.312500 0.289167 0.042500 0.038333
0 0.364375 0.256667 0.038750 0.040000
0 0.592500 0.344167 0.057500 0.068333
0 0.546875 0.306667 0.038750 0.046667
0 0.524375 0.286667 0.031250 0.040000
0 0.609375 0.306667 0.038750 0.043333
0 0.581875 0.281667 0.038750 0.040000
0 0.548125 0.261667 0.033750 0.036667
0 0.469375 0.241667 0.026250 0.026667
0 0.509375 0.239167 0.028750 0.038333
3 0.814375 0.505000 0.371250 0.360000
0 0.651875 0.322500 0.056250 0.051667
