0 0.379375 0.325000 0.038750 0.043333
0 0.365625 0.275833 0.028750 0.031667
0 0.373125 0.395000 0.051250 0.070000
0 0.281875 0.422500 0.053750 0.061667
0 0.944375 0.691667 0.111250 0.173333
0 0.663125 0.410833 0.068750 0.078333
0 0.620625 0.380833 0.051250 0.058333
0 0.590625 0.353333 0.043750 0.053333
0 0.569375 0.326667 0.043750 0.056667
0 0.547500 0.311667 0.035000 0.046667
0 0.528750 0.294167 0.035000 0.041667
0 0.513125 0.280833 0.028750 0.028333
3 0.800625 0.448333 0.211250 0.286667
1 0.521875 0.227500 0.041250 0.045000
0 0.498125 0.265833 0.026250 0.031667
0 0.483125 0.257500 0.026250 0.035000
0 0.475000 0.247500 0.020000 0.031667
3 0.469375 0.234167 0.031250 0.035000
