0 0.333125 0.849167 0.208750 0.281667
0 0.408750 0.427500 0.062500 0.068333
0 0.285000 0.385000 0.050000 0.053333
0 0.311875 0.282500 0.031250 0.041667
0 0.351250 0.234167 0.017500 0.021667
0 0.394375 0.240000 0.023750 0.020000
0 0.390000 0.210833 0.020000 0.021667
0 0.946875 0.693333 0.106250 0.183333
0 0.840625 0.555000 0.123750 0.130000
0 0.908750 0.532500 0.115000 0.108333
0 0.796875 0.445833 0.088750 0.088333
0 0.733750 0.390833 0.072500 0.065000
0 0.715000 0.448333 0.102500 0.103333
2 0.660000 0.394167 0.075000 0.088333
0 0.655000 0.331667 0.057500 0.040000
0 0.613750 0.373333 0.052500 0.060000
0 0.614375 0.315000 0.043750 0.043333
0 0.585000 0.336667 0.047500 0.056667
0 0.555000 0.320000 0.030000 0.040000
0 0.582500 0.289167 0.035000 0.028333
0 0.534375 0.299167 0.036250 0.038333
0 0.515625 0.285833 0.026250 0.035000
0 0.561250 0.278333 0.032500 0.036667
0 0.544375 0.265000 0.023750 0.030000
