0 0.356250 0.238333 0.022500 0.020000
0 0.383125 0.224167 0.018750 0.021667
0 0.313750 0.280833 0.027500 0.031667
0 0.383125 0.289167 0.031250 0.035000
0 0.303750 0.319167 0.035000 0.041667
0 0.286875 0.387500 0.041250 0.055000
0 0.548125 0.262500 0.033750 0.035000
0 0.496875 0.265000 0.026250 0.030000
0 0.515000 0.281667 0.032500 0.033333
0 0.537500 0.302500 0.040000 0.035000
0 0.686250 0.365833 0.055000 0.051667
0 0.685000 0.434167 0.080000 0.095000
0 0.912500 0.516667 0.145000 0.146667
0 0.933750 0.680000 0.132500 0.183333
3 0.778750 0.484167 0.125000 0.158333
3 0.598125 0.323333 0.088750 0.100000
3 0.479375 0.238333 0.051250 0.050000
4 0.839375 0.574167 0.061250 0.118333
