0 0.276875 0.420833 0.063750 0.065000
0 0.305000 0.322500 0.040000 0.045000
0 0.379375 0.330000 0.046250 0.060000
0 0.375000 0.510833 0.102500 0.111667
0 0.528125 0.294167 0.041250 0.051667
0 0.554375 0.316667 0.041250 0.053333
0 0.604375 0.311667 0.041250 0.043333
0 0.586250 0.346667 0.052500 0.060000
0 0.646250 0.340833 0.055000 0.051667
0 0.630000 0.380833 0.052500 0.061667
0 0.698125 0.375833 0.056250 0.061667
0 0.755625 0.413333 0.083750 0.083333
0 0.766250 0.502500 0.105000 0.111667
0 0.879375 0.597500 0.156250 0.168333
0 0.945625 0.562500 0.108750 0.125000
0 0.840000 0.476667 0.100000 0.093333
2 0.677500 0.415000 0.082500 0.116667
