0 0.280000 0.418333 0.065000 0.066667
0 0.302500 0.317500 0.040000 0.041667
0 0.379375 0.353333 0.056250 0.060000
0 0.446250 0.461667 0.085000 0.103333
0 0.513125 0.277500 0.036250 0.041667
0 0.558750 0.308333 0.050000 0.046667
0 0.598750 0.354167 0.057500 0.058333
1 0.683750 0.332500 0.125000 0.128333
2 0.686250 0.414167 0.092500 0.105000
0 0.886250 0.510833 0.085000 0.075000
2 0.930625 0.644167 0.138750 0.288333
3 0.475000 0.220000 0.040000 0.066667
0 0.403125 0.255000 0.028750 0.040000
0 0.562500 0.276667 0.037500 0.033333
