0 0.278750 0.417500 0.062500 0.068333
0 0.302500 0.316667 0.037500 0.043333
0 0.634375 0.378333 0.068750 0.070000
0 0.703125 0.433333 0.078750 0.086667
0 0.784375 0.504167 0.121250 0.128333
0 0.806250 0.447500 0.097500 0.101667
0 0.901875 0.623333 0.156250 0.170000
0 0.908125 0.524167 0.116250 0.108333
4 0.739375 0.400833 0.038750 0.071667
2 0.495000 0.570000 0.112500 0.200000
3 0.585625 0.319167 0.081250 0.101667
0 0.538125 0.297500 0.038750 0.048333
0 0.401875 0.260833 0.033750 0.035000
2 0.510625 0.270833 0.033750 0.045000
