0 0.280625 0.425000 0.058750 0.066667
0 0.308125 0.297500 0.038750 0.038333
0 0.281250 0.908333 0.250000 0.183333
0 0.961250 0.708333 0.077500 0.173333
0 0.811875 0.549167 0.121250 0.131667
0 0.722500 0.457500 0.102500 0.108333
0 0.654375 0.409167 0.071250 0.081667
0 0.626875 0.366667 0.058750 0.060000
0 0.588750 0.345000 0.045000 0.050000
0 0.555625 0.320833 0.043750 0.045000
0 0.516875 0.283333 0.036250 0.040000
0 0.543750 0.300833 0.035000 0.031667
2 0.576875 0.280833 0.051250 0.065000
3 0.500625 0.255833 0.041250 0.058333
0 0.543750 0.252500 0.025000 0.028333
