1 0.559375 0.259167 0.066250 0.071667
0 0.483125 0.224167 0.016250 0.021667
0 0.502500 0.236667 0.025000 0.023333
0 0.278125 0.415000 0.056250 0.063333
0 0.297500 0.332500 0.040000 0.048333
0 0.310625 0.289167 0.026250 0.035000
0 0.633125 0.375833 0.063750 0.065000
0 0.650000 0.343333 0.050000 0.046667
0 0.700625 0.370000 0.061250 0.060000
0 0.686875 0.421667 0.083750 0.083333
0 0.766875 0.425000 0.071250 0.073333
0 0.780625 0.494167 0.098750 0.111667
0 0.867500 0.427500 0.085000 0.048333
2 0.886250 0.580000 0.142500 0.163333
0 0.953125 0.559167 0.093750 0.155000
0 0.965625 0.713333 0.068750 0.166667
0 0.860625 0.475833 0.116250 0.075000
