0 0.280000 0.420000 0.052500 0.060000
0 0.417500 0.271667 0.027500 0.030000
0 0.396250 0.243333 0.017500 0.023333
0 0.355625 0.238333 0.021250 0.020000
0 0.460000 0.530000 0.090000 0.103333
0 0.578750 0.501667 0.097500 0.090000
0 0.727500 0.455833 0.092500 0.098333
0 0.849375 0.580000 0.128750 0.110000
0 0.629375 0.380000 0.051250 0.063333
0 0.479375 0.254167 0.026250 0.025000
0 0.501250 0.270000 0.032500 0.030000
0 0.521875 0.291667 0.031250 0.040000
0 0.544375 0.310000 0.033750 0.046667
2 0.586250 0.325833 0.065000 0.098333
2 0.666250 0.410000 0.072500 0.086667
0 0.462500 0.237500 0.020000 0.021667
0 0.570000 0.272500 0.032500 0.015000
