0 0.290000 0.387500 0.055000 0.058333
0 0.541250 0.462500 0.082500 0.105000
0 0.303125 0.317500 0.043750 0.041667
0 0.623750 0.372500 0.057500 0.058333
0 0.763125 0.405000 0.091250 0.090000
0 0.757500 0.487500 0.090000 0.091667
0 0.837500 0.473333 0.095000 0.096667
0 0.938125 0.678333 0.123750 0.200000
0 0.925000 0.541667 0.120000 0.103333
0 0.845000 0.568333 0.122500 0.140000
3 0.559375 0.283333 0.078750 0.083333
3 0.675000 0.416667 0.087500 0.090000
2 0.588750 0.331667 0.057500 0.080000
0 0.262500 0.945000 0.275000 0.110000
