0 0.278125 0.418333 0.063750 0.063333
0 0.295625 0.343333 0.046250 0.053333
0 0.396875 0.352500 0.058750 0.068333
0 0.519375 0.285000 0.038750 0.040000
0 0.551250 0.313333 0.045000 0.046667
0 0.597500 0.352500 0.062500 0.061667
0 0.655625 0.402500 0.068750 0.078333
0 0.714375 0.378333 0.063750 0.073333
0 0.602500 0.526667 0.105000 0.116667
0 0.724375 0.466667 0.091250 0.100000
0 0.807500 0.530833 0.135000 0.145000
0 0.931250 0.663333 0.137500 0.180000
0 0.558125 0.865000 0.201250 0.246667
0 0.871250 0.874167 0.257500 0.251667
