0 0.403750 0.258333 0.025000 0.026667
0 0.316250 0.264167 0.022500 0.028333
0 0.300625 0.338333 0.038750 0.040000
0 0.293125 0.379167 0.043750 0.055000
0 0.280625 0.421667 0.051250 0.063333
0 0.300000 0.307500 0.032500 0.021667
0 0.306875 0.279167 0.026250 0.028333
0 0.841875 0.555000 0.126250 0.130000
0 0.663750 0.414167 0.070000 0.068333
0 0.983125 0.745000 0.033750 0.130000
0 0.594375 0.352500 0.048750 0.051667
0 0.558125 0.315000 0.041250 0.046667
0 0.534375 0.261667 0.026250 0.026667
0 0.508750 0.267500 0.032500 0.045000
2 0.466250 0.230000 0.025000 0.043333
0 0.487500 0.258333 0.017500 0.023333
