3 0.365000 0.260000 0.052500 0.103333
3 0.683750 0.387500 0.102500 0.145000
3 0.615000 0.335833 0.090000 0.118333
3 0.534375 0.273333 0.088750 0.090000
0 0.790000 0.505833 0.117500 0.115000
0 0.946250 0.685000 0.107500 0.193333
0 0.760000 0.411667 0.062500 0.066667
0 0.560000 0.324167 0.037500 0.048333
0 0.482500 0.256667 0.017500 0.026667
0 0.476250 0.246667 0.020000 0.030000
0 0.472500 0.338333 0.050000 0.050000
0 0.378750 0.383333 0.047500 0.060000
0 0.311875 0.282500 0.028750 0.028333
0 0.303125 0.315833 0.036250 0.038333
0 0.287500 0.385000 0.045000 0.050000
0 0.425000 0.643333 0.110000 0.136667
0 0.459375 0.230833 0.018750 0.028333
