0 0.293750 0.376667 0.042500 0.053333
0 0.278125 0.416667 0.051250 0.060000
0 0.485625 0.624167 0.101250 0.121667
0 0.844375 0.549167 0.148750 0.165000
0 0.610625 0.362500 0.053750 0.061667
0 0.664375 0.396667 0.066250 0.083333
2 0.733125 0.447500 0.098750 0.125000
0 0.574375 0.322500 0.051250 0.058333
0 0.541875 0.304167 0.036250 0.045000
0 0.341875 0.224167 0.018750 0.018333
0 0.398750 0.240833 0.025000 0.021667
3 0.666250 0.335000 0.087500 0.086667
3 0.488750 0.240000 0.037500 0.056667
1 0.397500 0.332500 0.077500 0.115000
0 0.521250 0.275000 0.037500 0.040000
