0 0.419375 0.297500 0.031250 0.035000
2 0.376875 0.314167 0.043750 0.065000
0 0.300000 0.331667 0.042500 0.040000
0 0.276875 0.415833 0.051250 0.061667
0 0.293125 0.374167 0.046250 0.055000
0 0.558750 0.314167 0.040000 0.048333
0 0.601875 0.346667 0.056250 0.063333
0 0.638750 0.377500 0.052500 0.068333
0 0.680625 0.416667 0.078750 0.086667
0 0.959375 0.576667 0.081250 0.126667
0 0.958125 0.725833 0.083750 0.175000
0 0.470625 0.234167 0.023750 0.021667
0 0.508125 0.243333 0.023750 0.023333
2 0.790625 0.484167 0.128750 0.181667
