0 0.291875 0.383333 0.048750 0.056667
0 0.388750 0.339167 0.042500 0.045000
0 0.377500 0.287500 0.035000 0.045000
0 0.426250 0.291667 0.030000 0.036667
0 0.445625 0.316667 0.048750 0.056667
0 0.463125 0.450000 0.086250 0.100000
0 0.540000 0.302500 0.045000 0.045000
0 0.571875 0.290000 0.041250 0.043333
0 0.688125 0.426667 0.088750 0.093333
0 0.833750 0.564167 0.137500 0.151667
0 0.955000 0.702500 0.090000 0.205000
4 0.640000 0.371667 0.025000 0.060000
0 0.357500 0.251667 0.027500 0.030000
0 0.556250 0.891667 0.200000 0.216667
0 0.896250 0.926667 0.207500 0.146667
