0 0.350625 0.222500 0.016250 0.018333
0 0.408750 0.262500 0.025000 0.028333
0 0.453125 0.320000 0.043750 0.046667
0 0.530000 0.435000 0.060000 0.076667
0 0.313750 0.280000 0.027500 0.030000
0 0.300625 0.317500 0.036250 0.035000
0 0.286250 0.383333 0.045000 0.053333
0 0.483125 0.226667 0.018750 0.023333
0 0.515000 0.248333 0.022500 0.023333
0 0.543750 0.265833 0.025000 0.025000
0 0.585625 0.297500 0.038750 0.038333
0 0.608125 0.280000 0.033750 0.033333
0 0.752500 0.414167 0.077500 0.071667
0 0.723125 0.455833 0.086250 0.085000
0 0.970000 0.596667 0.060000 0.110000
0 0.910625 0.608333 0.128750 0.130000
3 0.273750 0.860000 0.540000 0.280000
