0 0.348125 0.207500 0.016250 0.018333
0 0.378125 0.235000 0.021250 0.023333
0 0.308750 0.283333 0.025000 0.033333
0 0.310000 0.315833 0.032500 0.038333
0 0.298750 0.335000 0.042500 0.046667
0 0.539375 0.298333 0.031250 0.040000
0 0.562500 0.318333 0.040000 0.043333
0 0.586875 0.342500 0.051250 0.048333
0 0.632500 0.372500 0.065000 0.061667
0 0.676875 0.419167 0.076250 0.068333
0 0.813125 0.540000 0.123750 0.123333
0 0.943125 0.700833 0.113750 0.191667
0 0.331875 0.885833 0.243750 0.228333
4 0.741250 0.455833 0.030000 0.081667
