0 0.277500 0.420833 0.060000 0.068333
0 0.300000 0.320000 0.040000 0.040000
0 0.390000 0.324167 0.042500 0.048333
0 0.454375 0.320833 0.048750 0.045000
0 0.540000 0.437500 0.085000 0.081667
0 0.603125 0.880833 0.208750 0.238333
0 0.418125 0.269167 0.033750 0.035000
0 0.364375 0.265000 0.028750 0.030000
0 0.536875 0.294167 0.043750 0.048333
0 0.568125 0.330000 0.043750 0.050000
3 0.621875 0.344167 0.073750 0.105000
3 0.778125 0.448333 0.291250 0.353333
0 0.730000 0.395000 0.062500 0.073333
0 0.960625 0.702500 0.078750 0.225000
0 0.555625 0.275833 0.033750 0.035000
