0 0.490000 0.686667 0.155000 0.186667
2 0.856250 0.816667 0.260000 0.333333
0 0.796250 0.524167 0.112500 0.125000
0 0.766250 0.417500 0.085000 0.088333
0 0.701250 0.438333 0.102500 0.110000
0 0.645625 0.393333 0.063750 0.086667
0 0.681875 0.365000 0.056250 0.056667
0 0.608125 0.350000 0.066250 0.073333
0 0.558125 0.314167 0.053750 0.058333
0 0.576250 0.284167 0.045000 0.051667
0 0.618750 0.318333 0.045000 0.046667
0 0.483750 0.254167 0.030000 0.035000
0 0.921250 0.635833 0.157500 0.178333
0 0.968750 0.583333 0.062500 0.133333
0 0.283750 0.385000 0.062500 0.063333
0 0.299375 0.335833 0.048750 0.048333
0 0.311250 0.294167 0.035000 0.035000
