0 0.280625 0.419167 0.061250 0.075000
0 0.303750 0.316667 0.040000 0.043333
0 0.423125 0.326667 0.048750 0.043333
0 0.825625 0.460833 0.093750 0.085000
0 0.618750 0.362500 0.052500 0.068333
0 0.714375 0.335833 0.058750 0.038333
0 0.576875 0.329167 0.051250 0.051667
0 0.621250 0.314167 0.042500 0.041667
0 0.567500 0.278333 0.035000 0.036667
0 0.552500 0.310833 0.037500 0.038333
0 0.819375 0.546667 0.123750 0.126667
0 0.726250 0.685833 0.190000 0.201667
1 0.481875 0.493333 0.186250 0.300000
3 0.703125 0.414167 0.143750 0.171667
0 0.534375 0.288333 0.036250 0.040000
