0 0.467500 0.242500 0.020000 0.025000
0 0.307500 0.280000 0.027500 0.033333
0 0.351875 0.241667 0.021250 0.020000
0 0.390000 0.272500 0.032500 0.031667
0 0.387500 0.226667 0.020000 0.016667
0 0.408125 0.252500 0.016250 0.018333
0 0.369375 0.333333 0.038750 0.043333
0 0.295000 0.380000 0.045000 0.053333
0 0.280625 0.420000 0.051250 0.060000
0 0.534375 0.443333 0.078750 0.083333
0 0.384375 0.756667 0.126250 0.180000
0 0.790000 0.756667 0.165000 0.166667
0 0.545000 0.306667 0.032500 0.036667
0 0.567500 0.332500 0.037500 0.048333
0 0.600625 0.352500 0.048750 0.068333
0 0.674375 0.357500 0.053750 0.055000
0 0.626875 0.385000 0.051250 0.063333
0 0.678750 0.424167 0.080000 0.078333
0 0.761875 0.487500 0.098750 0.098333
0 0.843125 0.572500 0.121250 0.135000
0 0.903750 0.518333 0.112500 0.103333
