0 0.280625 0.425000 0.061250 0.070000
0 0.302500 0.321667 0.040000 0.043333
0 0.450625 0.312500 0.046250 0.045000
0 0.385625 0.315833 0.041250 0.041667
0 0.580625 0.294167 0.041250 0.041667
0 0.571250 0.336667 0.035000 0.050000
0 0.631875 0.329167 0.046250 0.048333
0 0.741250 0.475833 0.110000 0.115000
0 0.704375 0.372500 0.078750 0.085000
0 0.815000 0.393333 0.087500 0.073333
0 0.866875 0.602500 0.133750 0.138333
0 0.616875 0.900833 0.218750 0.198333
0 0.891875 0.887500 0.216250 0.225000
0 0.963125 0.713333 0.073750 0.173333
2 0.828125 0.458333 0.106250 0.113333
2 0.382500 0.375000 0.057500 0.096667
2 0.611250 0.358333 0.065000 0.080000
1 0.515625 0.234167 0.053750 0.068333
