1 0.516875 0.239167 0.048750 0.051667
0 0.635000 0.380000 0.067500 0.066667
0 0.737500 0.457500 0.102500 0.111667
0 0.881875 0.580833 0.153750 0.151667
2 0.957500 0.706667 0.085000 0.213333
0 0.574375 0.470000 0.086250 0.080000
0 0.461250 0.476667 0.077500 0.083333
0 0.925000 0.945000 0.150000 0.110000
0 0.351250 0.221667 0.020000 0.026667
0 0.384375 0.234167 0.021250 0.021667
0 0.377500 0.320833 0.042500 0.051667
0 0.315625 0.280000 0.026250 0.033333
0 0.305000 0.297500 0.035000 0.041667
0 0.291875 0.384167 0.051250 0.051667
0 0.280625 0.416667 0.048750 0.066667
4 0.259375 0.845833 0.068750 0.178333
3 0.469375 0.303333 0.101250 0.140000
