0 0.278125 0.416667 0.051250 0.056667
0 0.295000 0.379167 0.045000 0.055000
0 0.481250 0.600833 0.102500 0.115000
0 0.580625 0.976667 0.158750 0.046667
0 0.825625 0.528333 0.138750 0.170000
0 0.695625 0.441667 0.078750 0.080000
0 0.639375 0.389167 0.058750 0.061667
0 0.608125 0.358333 0.048750 0.053333
2 0.470000 0.325833 0.055000 0.071667
3 0.371875 0.270000 0.056250 0.126667
0 0.499375 0.266667 0.028750 0.026667
0 0.523125 0.288333 0.031250 0.040000
3 0.475000 0.226667 0.047500 0.066667
0 0.501875 0.236667 0.016250 0.023333
2 0.565000 0.302500 0.055000 0.075000
