0 0.403125 0.414167 0.066250 0.078333
0 0.285625 0.389167 0.051250 0.068333
0 0.376875 0.319167 0.048750 0.058333
0 0.296875 0.336667 0.041250 0.046667
0 0.311250 0.289167 0.037500 0.048333
0 0.380625 0.239167 0.026250 0.028333
0 0.646250 0.336667 0.052500 0.056667
0 0.597500 0.311667 0.040000 0.050000
0 0.571250 0.286667 0.040000 0.046667
0 0.477500 0.247500 0.027500 0.035000
0 0.503750 0.266667 0.030000 0.036667
0 0.350625 0.219167 0.023750 0.035000
0 0.711250 0.394167 0.067500 0.071667
0 0.855000 0.486667 0.117500 0.120000
0 0.959375 0.699167 0.081250 0.148333
0 0.252500 0.909167 0.222500 0.181667
