0 0.558750 0.478333 0.102500 0.103333
0 0.873750 0.920000 0.237500 0.160000
0 0.458125 0.317500 0.048750 0.045000
0 0.745000 0.489167 0.092500 0.088333
3 0.891875 0.576667 0.216250 0.396667
0 0.278750 0.426667 0.060000 0.070000
0 0.286250 0.381667 0.052500 0.050000
0 0.310000 0.293333 0.032500 0.036667
0 0.406250 0.265833 0.035000 0.035000
0 0.393125 0.237500 0.026250 0.025000
0 0.378750 0.216667 0.022500 0.023333
2 0.646250 0.385833 0.080000 0.091667
0 0.597500 0.348333 0.047500 0.060000
0 0.565000 0.325833 0.035000 0.041667
3 0.537500 0.270000 0.087500 0.123333
3 0.480625 0.230833 0.046250 0.068333
0 0.490625 0.268333 0.018750 0.033333
