0 0.375000 0.215833 0.017500 0.018333
0 0.388125 0.231667 0.018750 0.016667
0 0.413125 0.265000 0.028750 0.030000
0 0.443750 0.314167 0.045000 0.045000
0 0.383750 0.325000 0.040000 0.043333
0 0.524375 0.420000 0.066250 0.066667
0 0.422500 0.423333 0.065000 0.073333
0 0.311875 0.280000 0.031250 0.033333
0 0.303125 0.319167 0.036250 0.041667
0 0.289375 0.388333 0.046250 0.050000
0 0.278750 0.417500 0.055000 0.065000
0 0.556875 0.760000 0.146250 0.183333
0 0.488125 0.225000 0.021250 0.023333
0 0.468125 0.241667 0.021250 0.026667
0 0.478125 0.251667 0.018750 0.030000
0 0.486875 0.257500 0.021250 0.035000
0 0.504375 0.275000 0.028750 0.033333
0 0.528750 0.292500 0.030000 0.035000
0 0.541250 0.310000 0.035000 0.040000
0 0.563750 0.329167 0.037500 0.051667
0 0.678750 0.421667 0.072500 0.076667
0 0.755000 0.480000 0.112500 0.120000
3 0.631875 0.335000 0.111250 0.136667
2 0.903125 0.578333 0.188750 0.250000
2 0.776250 0.700833 0.182500 0.231667
