0 0.189375 0.941667 0.221250 0.116667
0 0.411250 0.544167 0.080000 0.098333
0 0.277500 0.416667 0.055000 0.060000
0 0.296875 0.334167 0.041250 0.041667
0 0.391875 0.420000 0.058750 0.073333
0 0.310000 0.290000 0.025000 0.030000
0 0.903125 0.520000 0.121250 0.120000
0 0.963750 0.710833 0.072500 0.155000
0 0.715000 0.374167 0.070000 0.071667
0 0.729375 0.458333 0.096250 0.093333
0 0.624375 0.370000 0.063750 0.060000
0 0.581250 0.327500 0.052500 0.058333
3 0.563125 0.252500 0.061250 0.085000
2 0.388125 0.225000 0.018750 0.030000
