0 0.381250 0.257500 0.027500 0.028333
0 0.337500 0.234167 0.020000 0.021667
0 0.381875 0.336667 0.043750 0.056667
0 0.281875 0.415000 0.056250 0.056667
0 0.748125 0.477500 0.086250 0.095000
0 0.840000 0.475000 0.097500 0.080000
0 0.850000 0.563333 0.142500 0.150000
0 0.956875 0.575833 0.086250 0.125000
0 0.968125 0.714167 0.063750 0.151667
0 0.824375 0.408333 0.091250 0.076667
0 0.746875 0.406667 0.071250 0.076667
0 0.602500 0.313333 0.045000 0.043333
0 0.631875 0.386667 0.051250 0.063333
0 0.581875 0.338333 0.048750 0.053333
0 0.555000 0.316667 0.042500 0.043333
1 0.494375 0.211667 0.036250 0.040000
2 0.452500 0.500833 0.100000 0.151667
2 0.683125 0.412500 0.081250 0.091667
2 0.539375 0.289167 0.043750 0.058333
2 0.512500 0.275000 0.037500 0.046667
