3 0.280625 0.700000 0.558750 0.600000
0 0.729375 0.461667 0.103750 0.103333
0 0.835625 0.565833 0.123750 0.121667
0 0.661875 0.413333 0.061250 0.066667
0 0.602500 0.353333 0.055000 0.050000
0 0.567500 0.322500 0.047500 0.041667
0 0.544375 0.296667 0.033750 0.043333
0 0.525000 0.283333 0.027500 0.033333
0 0.405625 0.274167 0.028750 0.038333
3 0.953125 0.677500 0.093750 0.251667
0 0.318125 0.263333 0.023750 0.026667
0 0.308750 0.280000 0.025000 0.026667
0 0.299375 0.306667 0.031250 0.020000
0 0.301250 0.335833 0.040000 0.038333
0 0.293125 0.377500 0.043750 0.058333
0 0.278750 0.420000 0.052500 0.060000
