0 0.306250 0.779167 0.155000 0.238333
0 0.421250 0.429167 0.072500 0.075000
0 0.283125 0.387500 0.056250 0.055000
0 0.370000 0.346667 0.050000 0.063333
0 0.401250 0.246667 0.025000 0.033333
0 0.296875 0.336667 0.041250 0.053333
0 0.941875 0.549167 0.116250 0.135000
0 0.805625 0.541667 0.146250 0.146667
0 0.700000 0.446667 0.085000 0.083333
0 0.811250 0.459167 0.092500 0.081667
0 0.644375 0.389167 0.066250 0.071667
0 0.747500 0.399167 0.082500 0.081667
0 0.682500 0.361667 0.050000 0.056667
0 0.603125 0.361667 0.053750 0.060000
0 0.635000 0.329167 0.050000 0.048333
0 0.579375 0.331667 0.051250 0.053333
0 0.550000 0.309167 0.042500 0.048333
0 0.588750 0.299167 0.042500 0.051667
0 0.525000 0.289167 0.037500 0.041667
0 0.561875 0.279167 0.028750 0.031667
0 0.540625 0.269167 0.026250 0.028333
0 0.505625 0.276667 0.023750 0.033333
0 0.523750 0.254167 0.025000 0.025000
0 0.490000 0.261667 0.027500 0.033333
1 0.505000 0.220000 0.035000 0.040000
0 0.315000 0.265000 0.025000 0.030000
1 0.481875 0.209167 0.023750 0.035000
0 0.976875 0.719167 0.043750 0.121667
0 0.466250 0.246667 0.015000 0.020000
0 0.506250 0.246667 0.015000 0.023333
