0 0.363750 0.254167 0.025000 0.028333
0 0.431875 0.285833 0.033750 0.035000
0 0.381250 0.296667 0.032500 0.036667
0 0.470000 0.336667 0.045000 0.043333
0 0.584375 0.343333 0.051250 0.050000
0 0.641250 0.370000 0.082500 0.103333
0 0.731250 0.461667 0.110000 0.106667
0 0.869375 0.576667 0.138750 0.136667
0 0.733125 0.709167 0.176250 0.178333
0 0.576875 0.825833 0.161250 0.201667
0 0.464375 0.217500 0.021250 0.021667
0 0.315625 0.264167 0.026250 0.031667
0 0.300625 0.322500 0.036250 0.041667
4 0.533750 0.307500 0.020000 0.041667
