0 0.280625 0.422500 0.063750 0.068333
0 0.401875 0.440833 0.071250 0.078333
0 0.296250 0.340833 0.045000 0.045000
0 0.321250 0.817500 0.177500 0.205000
0 0.643750 0.341667 0.050000 0.050000
0 0.689375 0.371667 0.068750 0.070000
0 0.566250 0.324167 0.050000 0.058333
0 0.603125 0.355000 0.056250 0.060000
0 0.636875 0.385000 0.066250 0.070000
0 0.698125 0.440000 0.091250 0.096667
0 0.791250 0.446667 0.100000 0.093333
0 0.818125 0.540000 0.128750 0.136667
0 0.895625 0.525833 0.108750 0.125000
0 0.933750 0.668333 0.132500 0.186667
2 0.529375 0.281667 0.048750 0.073333
