0 0.355625 0.696667 0.121250 0.173333
0 0.557500 0.458333 0.085000 0.086667
0 0.397500 0.386667 0.062500 0.073333
0 0.286250 0.390000 0.052500 0.063333
0 0.297500 0.338333 0.042500 0.050000
0 0.368750 0.282500 0.037500 0.038333
0 0.394375 0.243333 0.028750 0.030000
0 0.701875 0.431667 0.096250 0.103333
0 0.740625 0.402500 0.078750 0.085000
0 0.628750 0.381667 0.065000 0.076667
0 0.586875 0.345833 0.056250 0.061667
0 0.553125 0.318333 0.043750 0.053333
0 0.544375 0.261667 0.036250 0.040000
0 0.572500 0.285000 0.035000 0.036667
3 0.688750 0.348333 0.077500 0.080000
3 0.635625 0.322500 0.051250 0.065000
3 0.881875 0.579167 0.236250 0.311667
2 0.351875 0.231667 0.028750 0.040000
