0 0.278750 0.422500 0.067500 0.081667
0 0.301875 0.323333 0.041250 0.053333
0 0.376250 0.330833 0.045000 0.055000
0 0.439375 0.307500 0.048750 0.045000
0 0.488750 0.364167 0.062500 0.065000
0 0.594375 0.512500 0.108750 0.125000
0 0.950625 0.702500 0.098750 0.238333
0 0.855625 0.573333 0.133750 0.160000
0 0.731250 0.466667 0.102500 0.113333
0 0.646875 0.389167 0.078750 0.098333
0 0.598750 0.360833 0.050000 0.065000
0 0.573750 0.325000 0.047500 0.060000
0 0.540625 0.304167 0.043750 0.058333
0 0.513125 0.281667 0.038750 0.050000
2 0.488125 0.251667 0.031250 0.053333
