0 0.338125 0.741667 0.151250 0.220000
0 0.277500 0.417500 0.057500 0.061667
0 0.393125 0.376667 0.061250 0.066667
0 0.296875 0.334167 0.041250 0.041667
0 0.310000 0.290833 0.027500 0.031667
3 0.374375 0.274167 0.048750 0.088333
3 0.668125 0.373333 0.123750 0.140000
0 0.826250 0.560833 0.130000 0.118333
0 0.798125 0.436667 0.091250 0.090000
0 0.567500 0.323333 0.047500 0.046667
0 0.573750 0.284167 0.032500 0.035000
0 0.541250 0.298333 0.035000 0.033333
0 0.526875 0.278333 0.033750 0.036667
0 0.500000 0.232500 0.022500 0.021667
