0 0.373750 0.738333 0.152500 0.196667
0 0.280000 0.422500 0.062500 0.071667
0 0.436875 0.431667 0.071250 0.093333
0 0.716250 0.454167 0.095000 0.101667
0 0.768750 0.438333 0.070000 0.096667
0 0.661875 0.402500 0.076250 0.088333
0 0.720625 0.399167 0.071250 0.061667
0 0.673750 0.356667 0.060000 0.050000
0 0.608125 0.365000 0.063750 0.066667
0 0.571875 0.330000 0.053750 0.060000
0 0.365625 0.269167 0.031250 0.035000
2 0.418750 0.310000 0.047500 0.056667
2 0.622500 0.288333 0.065000 0.070000
3 0.890625 0.575000 0.218750 0.466667
1 0.521250 0.228333 0.042500 0.046667
0 0.544375 0.307500 0.033750 0.051667
0 0.523125 0.255000 0.028750 0.030000
