0 0.280625 0.423333 0.058750 0.070000
0 0.301250 0.321667 0.040000 0.050000
0 0.366250 0.267500 0.030000 0.035000
0 0.433750 0.303333 0.040000 0.040000
0 0.495000 0.370000 0.057500 0.070000
0 0.661875 0.609167 0.138750 0.138333
0 0.935625 0.678333 0.128750 0.196667
0 0.833125 0.565833 0.126250 0.148333
0 0.916875 0.538333 0.123750 0.113333
0 0.730000 0.475000 0.095000 0.100000
0 0.652500 0.403333 0.072500 0.076667
0 0.603750 0.350000 0.067500 0.070000
0 0.646250 0.334167 0.050000 0.051667
3 0.558750 0.291667 0.095000 0.116667
3 0.796875 0.418333 0.111250 0.136667
