0 0.403750 0.379167 0.055000 0.065000
0 0.566250 0.468333 0.092500 0.096667
0 0.967500 0.718333 0.065000 0.176667
0 0.868125 0.597500 0.148750 0.158333
0 0.760625 0.490000 0.106250 0.113333
0 0.686875 0.433333 0.076250 0.086667
0 0.635000 0.395000 0.062500 0.060000
0 0.600000 0.357500 0.062500 0.065000
0 0.578125 0.316667 0.053750 0.056667
0 0.613750 0.310000 0.045000 0.046667
0 0.538750 0.297500 0.040000 0.045000
0 0.445625 0.305000 0.053750 0.056667
4 0.261875 0.467500 0.028750 0.091667
0 0.303750 0.320833 0.040000 0.048333
