0 0.607500 0.362500 0.050000 0.055000
0 0.900000 0.521667 0.122500 0.126667
0 0.874375 0.592500 0.141250 0.141667
0 0.533125 0.294167 0.038750 0.041667
0 0.479375 0.253333 0.021250 0.023333
0 0.500625 0.269167 0.031250 0.035000
0 0.605000 0.537500 0.120000 0.128333
0 0.301875 0.336667 0.038750 0.036667
0 0.293750 0.381667 0.042500 0.060000
0 0.279375 0.421667 0.053750 0.063333
0 0.299375 0.305000 0.031250 0.026667
0 0.308125 0.281667 0.023750 0.020000
0 0.317500 0.265000 0.022500 0.026667
3 0.692500 0.403333 0.130000 0.143333
0 0.510625 0.228333 0.021250 0.023333
