2 0.616875 0.350833 0.066250 0.071667
2 0.925625 0.627500 0.148750 0.201667
0 0.808750 0.454167 0.090000 0.078333
0 0.690625 0.414167 0.091250 0.095000
0 0.533750 0.294167 0.037500 0.035000
0 0.565000 0.317500 0.047500 0.051667
0 0.474375 0.221667 0.018750 0.020000
0 0.475625 0.248333 0.028750 0.026667
0 0.501875 0.270833 0.028750 0.031667
0 0.355000 0.226667 0.020000 0.020000
0 0.364375 0.260833 0.023750 0.031667
0 0.400000 0.375833 0.045000 0.055000
0 0.308125 0.290833 0.031250 0.035000
0 0.300000 0.317500 0.035000 0.041667
0 0.290000 0.385000 0.045000 0.053333
3 0.556250 0.237500 0.047500 0.065000
