0 0.403750 0.635833 0.097500 0.135000
0 0.280000 0.422500 0.052500 0.058333
0 0.294375 0.379167 0.046250 0.055000
0 0.301250 0.337500 0.037500 0.038333
0 0.301250 0.305000 0.032500 0.026667
0 0.310625 0.278333 0.018750 0.026667
0 0.317500 0.263333 0.020000 0.030000
0 0.763125 0.468333 0.113750 0.116667
0 0.850625 0.584167 0.138750 0.138333
0 0.555000 0.316667 0.037500 0.043333
0 0.577500 0.335000 0.045000 0.046667
0 0.609375 0.365000 0.041250 0.053333
2 0.660000 0.389167 0.077500 0.098333
3 0.966875 0.627500 0.066250 0.355000
3 0.484375 0.233333 0.043750 0.076667
3 0.534375 0.283333 0.068750 0.070000
