0 0.373125 0.504167 0.076250 0.095000
0 0.932500 0.554167 0.120000 0.101667
0 0.954375 0.699167 0.091250 0.188333
0 0.471250 0.245833 0.020000 0.021667
0 0.491875 0.260000 0.031250 0.030000
0 0.517500 0.279167 0.027500 0.031667
0 0.318125 0.263333 0.023750 0.023333
0 0.308750 0.280000 0.022500 0.030000
0 0.299375 0.305000 0.036250 0.026667
0 0.302500 0.336667 0.042500 0.036667
0 0.294375 0.380833 0.043750 0.058333
0 0.279375 0.420833 0.053750 0.061667
0 0.593750 0.303333 0.040000 0.040000
0 0.546250 0.299167 0.047500 0.051667
0 0.581875 0.325833 0.041250 0.035000
0 0.600000 0.359167 0.052500 0.048333
0 0.655000 0.396667 0.062500 0.070000
0 0.685625 0.360833 0.068750 0.058333
3 0.775625 0.467500 0.188750 0.178333
