0 0.278125 0.414167 0.051250 0.055000
0 0.375625 0.366667 0.046250 0.056667
0 0.400000 0.536667 0.082500 0.103333
0 0.296875 0.334167 0.036250 0.038333
0 0.363750 0.269167 0.025000 0.025000
0 0.346875 0.214167 0.016250 0.018333
0 0.378125 0.226667 0.016250 0.016667
0 0.310000 0.289167 0.027500 0.028333
0 0.250625 0.912500 0.258750 0.175000
3 0.711250 0.423333 0.237500 0.223333
0 0.938750 0.681667 0.122500 0.173333
0 0.528750 0.254167 0.025000 0.028333
0 0.566875 0.321667 0.043750 0.043333
0 0.578750 0.286667 0.045000 0.046667
0 0.511250 0.274167 0.037500 0.035000
