0 0.278125 0.416667 0.056250 0.073333
0 0.307500 0.291667 0.032500 0.043333
0 0.298750 0.823333 0.200000 0.236667
0 0.855625 0.568333 0.143750 0.166667
0 0.722500 0.458333 0.095000 0.103333
0 0.835625 0.460000 0.108750 0.106667
0 0.651250 0.397500 0.070000 0.071667
0 0.698125 0.370833 0.076250 0.075000
0 0.618750 0.360000 0.055000 0.063333
0 0.578750 0.330833 0.050000 0.065000
0 0.548125 0.313333 0.036250 0.043333
0 0.606250 0.311667 0.052500 0.043333
0 0.555625 0.281667 0.033750 0.030000
0 0.965625 0.595000 0.068750 0.136667
