0 0.400625 0.476667 0.086250 0.126667
0 0.303750 0.314167 0.042500 0.045000
0 0.587500 0.306667 0.040000 0.040000
0 0.386250 0.276667 0.032500 0.036667
0 0.441875 0.301667 0.046250 0.046667
0 0.283750 0.389167 0.057500 0.061667
0 0.635000 0.382500 0.070000 0.075000
0 0.537500 0.304167 0.042500 0.045000
0 0.589375 0.351667 0.051250 0.056667
0 0.625000 0.330000 0.050000 0.040000
0 0.711875 0.386667 0.066250 0.066667
0 0.761250 0.426667 0.080000 0.066667
0 0.681250 0.426667 0.072500 0.083333
0 0.746250 0.481667 0.097500 0.110000
0 0.836250 0.556667 0.137500 0.153333
0 0.830000 0.470000 0.102500 0.100000
0 0.929375 0.549167 0.126250 0.115000
0 0.935625 0.667500 0.128750 0.185000
2 0.311875 0.858333 0.226250 0.283333
0 0.561875 0.324167 0.043750 0.048333
3 0.357500 0.246667 0.037500 0.066667
0 0.373750 0.364167 0.055000 0.065000
