0 0.390000 0.248333 0.025000 0.023333
0 0.370625 0.321667 0.041250 0.053333
0 0.278750 0.415000 0.050000 0.056667
0 0.293750 0.379167 0.042500 0.055000
0 0.300000 0.300000 0.030000 0.023333
0 0.301250 0.335833 0.037500 0.045000
0 0.307500 0.278333 0.027500 0.026667
0 0.313125 0.256667 0.028750 0.023333
0 0.926250 0.665833 0.147500 0.151667
0 0.781250 0.510000 0.127500 0.120000
0 0.695625 0.440000 0.076250 0.076667
0 0.642500 0.377500 0.080000 0.068333
0 0.608750 0.350000 0.045000 0.053333
0 0.562500 0.321667 0.045000 0.043333
2 0.536250 0.284167 0.045000 0.051667
3 0.510625 0.256667 0.041250 0.063333
0 0.481250 0.252500 0.025000 0.028333
0 0.465625 0.243333 0.018750 0.023333
