0 0.279375 0.423333 0.066250 0.073333
0 0.380625 0.363333 0.053750 0.066667
0 0.296250 0.340833 0.045000 0.045000
0 0.376250 0.289167 0.040000 0.045000
0 0.618750 0.543333 0.120000 0.113333
0 0.776875 0.517500 0.118750 0.128333
0 0.846250 0.466667 0.112500 0.123333
0 0.912500 0.620833 0.170000 0.201667
0 0.951250 0.560833 0.097500 0.138333
0 0.667500 0.406667 0.090000 0.103333
0 0.720000 0.389167 0.067500 0.075000
0 0.612500 0.362500 0.055000 0.058333
0 0.658750 0.340000 0.057500 0.056667
0 0.561250 0.317500 0.052500 0.061667
0 0.619375 0.319167 0.041250 0.041667
0 0.516250 0.280000 0.032500 0.036667
0 0.583125 0.293333 0.036250 0.040000
0 0.545625 0.270833 0.033750 0.031667
