0 0.280625 0.423333 0.061250 0.066667
0 0.306875 0.323333 0.038750 0.036667
0 0.363750 0.272500 0.032500 0.035000
0 0.520625 0.289167 0.036250 0.045000
0 0.540625 0.305000 0.033750 0.043333
0 0.567500 0.320833 0.050000 0.055000
0 0.586875 0.352500 0.053750 0.061667
0 0.640000 0.335833 0.052500 0.055000
0 0.621875 0.385833 0.061250 0.071667
0 0.678750 0.423333 0.090000 0.096667
0 0.789375 0.439167 0.098750 0.095000
0 0.754375 0.495000 0.108750 0.106667
0 0.876875 0.587500 0.156250 0.168333
0 0.945625 0.562500 0.108750 0.111667
0 0.962500 0.703333 0.075000 0.183333
