0 0.560625 0.470000 0.078750 0.086667
0 0.489375 0.618333 0.091250 0.120000
0 0.291250 0.385833 0.047500 0.051667
0 0.278125 0.421667 0.053750 0.066667
0 0.304375 0.320833 0.031250 0.038333
0 0.311875 0.280000 0.028750 0.030000
0 0.313750 0.263333 0.027500 0.026667
3 0.361250 0.245833 0.042500 0.068333
2 0.363125 0.285000 0.033750 0.056667
2 0.438750 0.289167 0.042500 0.061667
3 0.844375 0.580000 0.311250 0.423333
3 0.620000 0.342500 0.162500 0.168333
3 0.530000 0.284167 0.037500 0.065000
3 0.481875 0.230833 0.048750 0.061667
0 0.491250 0.263333 0.020000 0.023333
0 0.503125 0.272500 0.023750 0.031667
