0 0.375000 0.270833 0.032500 0.038333
0 0.393750 0.238333 0.020000 0.023333
0 0.350625 0.215000 0.018750 0.023333
0 0.311875 0.280000 0.028750 0.033333
0 0.305000 0.316667 0.032500 0.040000
0 0.287500 0.385833 0.042500 0.051667
0 0.455000 0.465833 0.090000 0.088333
0 0.667500 0.401667 0.075000 0.080000
0 0.567500 0.264167 0.030000 0.028333
0 0.585625 0.290833 0.036250 0.041667
0 0.572500 0.324167 0.050000 0.055000
3 0.503750 0.252500 0.070000 0.088333
3 0.243750 0.566667 0.167500 0.310000
3 0.895625 0.595833 0.208750 0.418333
