0 0.280625 0.421667 0.066250 0.070000
0 0.299375 0.320000 0.043750 0.046667
0 0.360625 0.267500 0.028750 0.031667
0 0.409375 0.256667 0.036250 0.030000
0 0.441875 0.299167 0.043750 0.038333
0 0.415000 0.399167 0.072500 0.088333
0 0.495625 0.379167 0.071250 0.071667
0 0.666250 0.615000 0.157500 0.150000
0 0.826875 0.559167 0.126250 0.141667
0 0.693125 0.427500 0.101250 0.121667
0 0.626250 0.372500 0.072500 0.081667
0 0.588750 0.341667 0.060000 0.066667
0 0.531875 0.305000 0.043750 0.043333
0 0.578750 0.284167 0.045000 0.055000
0 0.535625 0.266667 0.031250 0.033333
