0 0.820625 0.545000 0.131250 0.116667
0 0.931875 0.675833 0.136250 0.158333
0 0.725000 0.465000 0.095000 0.086667
0 0.656250 0.402500 0.075000 0.081667
0 0.608125 0.365833 0.056250 0.055000
0 0.566250 0.325833 0.047500 0.051667
0 0.540000 0.305833 0.037500 0.035000
0 0.528750 0.290000 0.030000 0.033333
0 0.500625 0.270000 0.033750 0.030000
0 0.345000 0.203333 0.012500 0.016667
0 0.356875 0.236667 0.021250 0.023333
0 0.308750 0.287500 0.035000 0.045000
0 0.295625 0.339167 0.038750 0.041667
0 0.283125 0.388333 0.043750 0.053333
