0 0.283125 0.384167 0.043750 0.051667
0 0.296250 0.335833 0.040000 0.041667
0 0.311250 0.290000 0.035000 0.033333
0 0.557500 0.320000 0.042500 0.040000
0 0.599375 0.352500 0.063750 0.055000
0 0.654375 0.398333 0.071250 0.066667
0 0.750625 0.477500 0.098750 0.101667
0 0.864375 0.486667 0.111250 0.103333
0 0.852500 0.577500 0.127500 0.121667
0 0.960625 0.713333 0.078750 0.163333
0 0.975625 0.591667 0.048750 0.106667
0 0.504375 0.271667 0.033750 0.033333
0 0.486875 0.248333 0.026250 0.030000
0 0.463125 0.232500 0.018750 0.025000
