0 0.285000 0.386667 0.047500 0.056667
0 0.400625 0.335000 0.041250 0.046667
0 0.307500 0.287500 0.037500 0.048333
0 0.426875 0.441667 0.066250 0.093333
0 0.878125 0.605833 0.166250 0.168333
0 0.975000 0.740000 0.050000 0.143333
0 0.947500 0.546667 0.105000 0.130000
0 0.762500 0.505000 0.102500 0.110000
0 0.841250 0.475000 0.095000 0.080000
0 0.698125 0.442500 0.076250 0.078333
0 0.759375 0.425833 0.073750 0.071667
0 0.645625 0.404167 0.058750 0.068333
0 0.710000 0.385000 0.065000 0.053333
0 0.613125 0.359167 0.056250 0.055000
0 0.668750 0.348333 0.057500 0.046667
0 0.634375 0.329167 0.038750 0.035000
0 0.575625 0.334167 0.046250 0.055000
3 0.544375 0.285000 0.091250 0.100000
0 0.603750 0.307500 0.027500 0.038333
0 0.321875 0.245000 0.018750 0.023333
