0 0.280625 0.429167 0.056250 0.065000
0 0.286250 0.383333 0.052500 0.046667
0 0.395000 0.327500 0.042500 0.041667
0 0.485625 0.367500 0.056250 0.061667
0 0.311875 0.284167 0.028750 0.031667
0 0.361250 0.243333 0.027500 0.026667
0 0.400625 0.244167 0.018750 0.031667
0 0.320000 0.242500 0.022500 0.021667
0 0.350625 0.220000 0.016250 0.016667
0 0.388125 0.219167 0.018750 0.018333
0 0.375625 0.204167 0.016250 0.015000
0 0.507500 0.243333 0.025000 0.023333
0 0.511250 0.269167 0.030000 0.028333
0 0.540000 0.299167 0.032500 0.038333
0 0.571875 0.323333 0.051250 0.053333
0 0.720000 0.358333 0.060000 0.053333
0 0.790000 0.519167 0.120000 0.118333
0 0.936250 0.622500 0.117500 0.035000
0 0.670625 0.405000 0.086250 0.100000
