0 0.280625 0.424167 0.061250 0.065000
0 0.310000 0.342500 0.052500 0.045000
0 0.426875 0.284167 0.033750 0.041667
0 0.397500 0.260000 0.025000 0.030000
0 0.518750 0.284167 0.030000 0.041667
0 0.543125 0.301667 0.043750 0.050000
0 0.566250 0.324167 0.045000 0.048333
0 0.588750 0.351667 0.042500 0.053333
0 0.622500 0.376667 0.055000 0.066667
0 0.666250 0.416667 0.070000 0.076667
0 0.748125 0.479167 0.108750 0.111667
0 0.697500 0.386667 0.065000 0.060000
0 0.860625 0.576667 0.153750 0.163333
0 0.958125 0.719167 0.083750 0.188333
