4 0.365625 0.683333 0.048750 0.140000
4 0.410000 0.738333 0.055000 0.170000
0 0.635000 0.861667 0.215000 0.266667
0 0.617500 0.540000 0.115000 0.116667
0 0.443125 0.439167 0.083750 0.095000
0 0.280625 0.422500 0.066250 0.078333
0 0.467500 0.350000 0.060000 0.063333
0 0.359375 0.257500 0.026250 0.031667
0 0.553125 0.310833 0.043750 0.051667
0 0.594375 0.350000 0.053750 0.056667
0 0.673125 0.415000 0.071250 0.086667
0 0.747500 0.464167 0.107500 0.128333
0 0.858125 0.571667 0.143750 0.160000
0 0.955625 0.720833 0.088750 0.201667
2 0.556250 0.271667 0.035000 0.040000
0 0.525000 0.255000 0.027500 0.030000
