0 0.278125 0.414167 0.051250 0.068333
0 0.283750 0.374167 0.042500 0.031667
0 0.298125 0.335000 0.043750 0.040000
0 0.392500 0.231667 0.022500 0.023333
0 0.350625 0.230833 0.018750 0.021667
0 0.382500 0.213333 0.012500 0.013333
0 0.735625 0.462500 0.091250 0.088333
0 0.845625 0.570833 0.121250 0.131667
0 0.950625 0.692500 0.098750 0.175000
0 0.887500 0.515000 0.110000 0.106667
0 0.669375 0.415000 0.066250 0.070000
0 0.618125 0.369167 0.048750 0.051667
0 0.588750 0.342500 0.042500 0.048333
0 0.559375 0.314167 0.043750 0.041667
0 0.536250 0.289167 0.042500 0.048333
0 0.510000 0.279167 0.027500 0.031667
0 0.483125 0.253333 0.021250 0.030000
0 0.468125 0.245833 0.013750 0.021667
0 0.505000 0.254167 0.025000 0.021667
