0 0.566250 0.473333 0.082500 0.080000
0 0.438125 0.291667 0.041250 0.040000
0 0.400625 0.374167 0.053750 0.058333
0 0.456875 0.553333 0.101250 0.120000
0 0.641875 0.377500 0.058750 0.061667
0 0.277500 0.418333 0.050000 0.056667
0 0.293125 0.380000 0.046250 0.056667
0 0.301250 0.336667 0.040000 0.040000
0 0.301875 0.306667 0.033750 0.023333
0 0.308125 0.280833 0.023750 0.028333
0 0.319375 0.265000 0.021250 0.023333
0 0.484375 0.226667 0.023750 0.026667
0 0.811875 0.811667 0.231250 0.263333
3 0.854375 0.561667 0.291250 0.500000
3 0.545625 0.881667 0.216250 0.236667
