0 0.547500 0.270000 0.032500 0.030000
0 0.523750 0.290000 0.035000 0.036667
0 0.566250 0.320833 0.045000 0.048333
0 0.607500 0.360833 0.052500 0.058333
0 0.686875 0.360000 0.058750 0.063333
0 0.660625 0.400000 0.071250 0.083333
0 0.775625 0.427500 0.071250 0.065000
0 0.846250 0.465833 0.102500 0.058333
0 0.953750 0.581667 0.092500 0.106667
2 0.728750 0.450000 0.102500 0.120000
2 0.846250 0.541667 0.152500 0.183333
0 0.317500 0.264167 0.025000 0.031667
0 0.297500 0.305833 0.032500 0.025000
0 0.300625 0.337500 0.041250 0.041667
0 0.294375 0.382500 0.046250 0.055000
0 0.279375 0.420000 0.048750 0.060000
0 0.944375 0.709167 0.111250 0.195000
