0 0.286250 0.386667 0.055000 0.063333
0 0.401250 0.350833 0.057500 0.071667
0 0.518125 0.405833 0.076250 0.078333
0 0.429375 0.285833 0.043750 0.041667
0 0.373750 0.282500 0.035000 0.041667
0 0.313750 0.266667 0.027500 0.033333
0 0.559375 0.325000 0.043750 0.046667
0 0.586250 0.345000 0.040000 0.050000
2 0.540625 0.293333 0.051250 0.066667
2 0.625000 0.367500 0.067500 0.085000
0 0.833750 0.560000 0.135000 0.130000
0 0.794375 0.764167 0.206250 0.215000
0 0.731250 0.465833 0.102500 0.118333
3 0.679375 0.406667 0.093750 0.113333
0 0.613125 0.921667 0.248750 0.156667
