0 0.280625 0.421667 0.061250 0.066667
0 0.296875 0.341667 0.043750 0.046667
0 0.378750 0.323333 0.047500 0.053333
0 0.403125 0.274167 0.031250 0.038333
0 0.625000 0.380000 0.065000 0.063333
0 0.680000 0.420000 0.085000 0.090000
0 0.809375 0.443333 0.103750 0.106667
0 0.767500 0.502500 0.110000 0.108333
0 0.873750 0.591667 0.140000 0.136667
0 0.973125 0.729167 0.053750 0.135000
3 0.583125 0.307500 0.093750 0.118333
2 0.675625 0.341667 0.078750 0.100000
0 0.530625 0.299167 0.026250 0.041667
0 0.519375 0.252500 0.028750 0.031667
0 0.360000 0.250833 0.025000 0.031667
