0 0.309375 0.284167 0.031250 0.038333
0 0.304375 0.324167 0.031250 0.045000
0 0.279375 0.422500 0.053750 0.065000
0 0.376250 0.342500 0.040000 0.048333
0 0.722500 0.466667 0.095000 0.090000
0 0.818750 0.555833 0.110000 0.115000
0 0.885000 0.523333 0.117500 0.100000
0 0.940000 0.665833 0.120000 0.148333
0 0.516875 0.285000 0.031250 0.040000
0 0.535625 0.305833 0.028750 0.038333
0 0.491875 0.235000 0.016250 0.016667
0 0.534375 0.254167 0.023750 0.021667
3 0.566875 0.268333 0.063750 0.040000
3 0.635000 0.355833 0.165000 0.175000
1 0.763750 0.395000 0.160000 0.166667
0 0.484375 0.264167 0.018750 0.031667
