0 0.283750 0.389167 0.055000 0.065000
0 0.468750 0.357500 0.057500 0.058333
0 0.441250 0.310000 0.045000 0.050000
0 0.309375 0.294167 0.033750 0.041667
0 0.416875 0.273333 0.031250 0.033333
0 0.396250 0.245000 0.027500 0.030000
0 0.349375 0.234167 0.021250 0.025000
0 0.776250 0.501667 0.107500 0.116667
0 0.914375 0.629167 0.143750 0.165000
0 0.596250 0.354167 0.060000 0.068333
0 0.566875 0.327500 0.041250 0.058333
0 0.538125 0.311667 0.033750 0.046667
0 0.523750 0.291667 0.037500 0.043333
3 0.485625 0.215000 0.033750 0.046667
2 0.382500 0.370000 0.065000 0.106667
2 0.691875 0.420000 0.081250 0.106667
