0 0.277500 0.432500 0.060000 0.071667
0 0.386250 0.378333 0.055000 0.066667
0 0.286250 0.384167 0.052500 0.048333
0 0.311250 0.290833 0.042500 0.051667
0 0.374375 0.289167 0.033750 0.038333
0 0.708125 0.453333 0.088750 0.090000
0 0.711875 0.387500 0.073750 0.068333
0 0.815000 0.456667 0.097500 0.080000
0 0.639375 0.394167 0.068750 0.071667
0 0.601875 0.355833 0.061250 0.065000
0 0.645625 0.340833 0.056250 0.051667
0 0.572500 0.332500 0.040000 0.051667
0 0.610625 0.315000 0.038750 0.036667
0 0.546875 0.314167 0.043750 0.041667
0 0.525625 0.295000 0.038750 0.040000
0 0.565625 0.287500 0.031250 0.038333
2 0.913125 0.610833 0.173750 0.215000
