0 0.281250 0.414167 0.052500 0.058333
0 0.713750 0.442500 0.077500 0.078333
0 0.768125 0.420000 0.066250 0.070000
2 0.616250 0.351667 0.062500 0.073333
0 0.568750 0.275000 0.032500 0.036667
3 0.499375 0.247500 0.061250 0.071667
0 0.553750 0.315000 0.040000 0.040000
0 0.348125 0.221667 0.018750 0.016667
0 0.970625 0.694167 0.058750 0.155000
0 0.299375 0.333333 0.041250 0.036667
0 0.308125 0.311667 0.033750 0.030000
0 0.311250 0.292500 0.032500 0.018333
0 0.314375 0.270833 0.023750 0.015000
2 0.534375 0.290833 0.041250 0.045000
