4 0.797500 0.527500 0.045000 0.108333
0 0.379375 0.617500 0.121250 0.165000
0 0.275000 0.424167 0.062500 0.068333
0 0.288125 0.380833 0.051250 0.051667
0 0.891875 0.615833 0.153750 0.178333
0 0.912500 0.531667 0.122500 0.126667
0 0.740000 0.471667 0.100000 0.100000
0 0.815625 0.456667 0.093750 0.090000
0 0.665625 0.414167 0.076250 0.075000
0 0.723125 0.390000 0.071250 0.070000
0 0.620625 0.369167 0.066250 0.075000
0 0.615000 0.314167 0.052500 0.045000
0 0.580000 0.345833 0.047500 0.058333
0 0.569375 0.323333 0.041250 0.043333
0 0.546875 0.304167 0.043750 0.051667
0 0.571250 0.285000 0.035000 0.033333
2 0.526250 0.277500 0.040000 0.055000
