4 0.788125 0.529167 0.038750 0.098333
0 0.873125 0.586667 0.158750 0.183333
0 0.777500 0.442500 0.095000 0.095000
0 0.733750 0.484167 0.095000 0.111667
0 0.278125 0.419167 0.063750 0.078333
0 0.393750 0.406667 0.067500 0.083333
0 0.375625 0.289167 0.041250 0.041667
0 0.310000 0.299167 0.037500 0.045000
0 0.960000 0.716667 0.080000 0.213333
0 0.675625 0.421667 0.078750 0.083333
0 0.524375 0.289167 0.033750 0.041667
0 0.561875 0.271667 0.038750 0.036667
0 0.546875 0.306667 0.038750 0.036667
0 0.565625 0.331667 0.046250 0.043333
0 0.595000 0.354167 0.052500 0.055000
0 0.628750 0.384167 0.060000 0.068333
