0 0.287500 0.389167 0.055000 0.061667
0 0.377500 0.318333 0.045000 0.053333
0 0.359375 0.247500 0.031250 0.031667
0 0.306875 0.290833 0.041250 0.051667
0 0.846875 0.480000 0.093750 0.100000
0 0.811250 0.544167 0.112500 0.128333
0 0.938750 0.654167 0.122500 0.191667
0 0.925000 0.538333 0.105000 0.093333
0 0.707500 0.436667 0.100000 0.120000
0 0.766875 0.423333 0.078750 0.090000
0 0.643750 0.390833 0.070000 0.091667
0 0.706875 0.370000 0.068750 0.063333
0 0.605625 0.353333 0.053750 0.056667
0 0.570000 0.330000 0.047500 0.053333
0 0.592500 0.305833 0.040000 0.041667
0 0.656250 0.346667 0.050000 0.046667
0 0.547500 0.310833 0.040000 0.045000
0 0.435625 0.776667 0.168750 0.226667
