0 0.356875 0.245833 0.021250 0.021667
0 0.402500 0.245000 0.022500 0.023333
0 0.370625 0.294167 0.028750 0.041667
0 0.422500 0.271667 0.032500 0.040000
0 0.524375 0.432500 0.068750 0.065000
0 0.315000 0.261667 0.027500 0.030000
0 0.307500 0.285000 0.025000 0.033333
0 0.303750 0.317500 0.032500 0.041667
0 0.288750 0.386667 0.045000 0.056667
0 0.664375 0.415000 0.073750 0.066667
0 0.739375 0.477500 0.098750 0.091667
0 0.540625 0.303333 0.031250 0.040000
0 0.561875 0.322500 0.033750 0.048333
3 0.509375 0.247500 0.086250 0.105000
3 0.618125 0.330833 0.096250 0.131667
3 0.893750 0.549167 0.212500 0.308333
