0 0.281250 0.422500 0.060000 0.068333
0 0.373750 0.286667 0.040000 0.040000
0 0.856875 0.915000 0.243750 0.170000
0 0.889375 0.615833 0.156250 0.161667
0 0.758750 0.489167 0.122500 0.128333
0 0.904375 0.511667 0.123750 0.126667
1 0.676250 0.380833 0.160000 0.178333
2 0.813125 0.443333 0.101250 0.120000
0 0.583750 0.348333 0.047500 0.060000
0 0.556250 0.315000 0.050000 0.056667
0 0.531250 0.301667 0.030000 0.043333
0 0.518125 0.285000 0.033750 0.040000
1 0.521250 0.225000 0.045000 0.046667
0 0.361250 0.252500 0.025000 0.031667
