0 0.281250 0.420833 0.065000 0.068333
0 0.390625 0.510000 0.088750 0.100000
0 0.497500 0.401667 0.072500 0.070000
0 0.283750 0.915833 0.235000 0.168333
0 0.300625 0.321667 0.038750 0.040000
0 0.938125 0.675833 0.123750 0.208333
0 0.837500 0.549167 0.145000 0.148333
0 0.911250 0.522500 0.135000 0.125000
0 0.698125 0.439167 0.093750 0.101667
0 0.756250 0.414167 0.080000 0.081667
0 0.641250 0.388333 0.062500 0.066667
0 0.699375 0.375000 0.061250 0.060000
0 0.602500 0.360000 0.052500 0.060000
0 0.660000 0.345833 0.052500 0.051667
0 0.576250 0.332500 0.050000 0.051667
0 0.551250 0.314167 0.030000 0.045000
0 0.562500 0.283333 0.035000 0.036667
0 0.528125 0.294167 0.036250 0.048333
0 0.526250 0.255833 0.027500 0.028333
