0 0.795625 0.506667 0.116250 0.113333
0 0.682500 0.425000 0.082500 0.076667
0 0.611875 0.359167 0.066250 0.071667
2 0.579375 0.325833 0.053750 0.068333
0 0.405625 0.250000 0.031250 0.026667
0 0.515625 0.245833 0.021250 0.021667
0 0.521875 0.282500 0.033750 0.035000
0 0.550000 0.305833 0.032500 0.045000
0 0.351250 0.218333 0.020000 0.020000
0 0.493125 0.259167 0.028750 0.025000
0 0.281875 0.412500 0.053750 0.065000
0 0.299375 0.334167 0.043750 0.038333
0 0.309375 0.311667 0.031250 0.030000
0 0.308125 0.292500 0.023750 0.018333
0 0.310625 0.267500 0.026250 0.018333
