0 0.283750 0.386667 0.052500 0.056667
0 0.297500 0.340000 0.042500 0.050000
0 0.309375 0.291667 0.036250 0.040000
0 0.770625 0.504167 0.106250 0.108333
0 0.688750 0.436667 0.080000 0.086667
0 0.746250 0.416667 0.070000 0.080000
0 0.811875 0.459167 0.083750 0.091667
0 0.626875 0.379167 0.058750 0.065000
0 0.636875 0.329167 0.058750 0.061667
0 0.593125 0.346667 0.046250 0.053333
0 0.567500 0.321667 0.042500 0.050000
0 0.546875 0.304167 0.033750 0.045000
0 0.523750 0.291667 0.032500 0.043333
3 0.510625 0.251667 0.061250 0.076667
3 0.285000 0.865833 0.482500 0.268333
3 0.915000 0.605000 0.170000 0.380000
