2 0.368125 0.305000 0.036250 0.056667
0 0.478125 0.345833 0.048750 0.048333
0 0.785625 0.514167 0.113750 0.118333
0 0.925625 0.652500 0.143750 0.165000
0 0.278750 0.412500 0.052500 0.058333
0 0.286875 0.374167 0.041250 0.021667
0 0.411250 0.266667 0.027500 0.030000
0 0.360000 0.240000 0.017500 0.023333
0 0.393750 0.235833 0.020000 0.025000
0 0.572500 0.332500 0.057500 0.061667
0 0.620625 0.365000 0.051250 0.066667
3 0.539375 0.288333 0.061250 0.070000
0 0.473125 0.250000 0.021250 0.026667
0 0.491875 0.262500 0.026250 0.028333
0 0.388750 0.823333 0.150000 0.173333
0 0.387500 0.220833 0.020000 0.018333
