0 0.278750 0.421667 0.060000 0.070000
0 0.301875 0.321667 0.041250 0.043333
0 0.375625 0.284167 0.038750 0.045000
0 0.528125 0.286667 0.041250 0.043333
0 0.548125 0.313333 0.031250 0.050000
0 0.590625 0.293333 0.046250 0.040000
0 0.573125 0.330000 0.043750 0.066667
0 0.621875 0.322500 0.043750 0.045000
0 0.603750 0.356667 0.057500 0.070000
2 0.657500 0.389167 0.072500 0.091667
2 0.916250 0.510833 0.142500 0.161667
0 0.913750 0.635000 0.155000 0.160000
0 0.791875 0.532500 0.123750 0.128333
0 0.711250 0.440000 0.105000 0.116667
3 0.781250 0.382500 0.180000 0.215000
