0 0.278750 0.421667 0.065000 0.070000
0 0.298750 0.322500 0.040000 0.041667
0 0.389375 0.333333 0.056250 0.066667
0 0.362500 0.257500 0.030000 0.028333
0 0.421250 0.271667 0.037500 0.036667
0 0.496875 0.365000 0.058750 0.063333
0 0.442500 0.494167 0.092500 0.098333
0 0.618750 0.537500 0.130000 0.128333
3 0.918125 0.582500 0.163750 0.428333
0 0.783125 0.503333 0.131250 0.146667
0 0.703750 0.435000 0.100000 0.123333
0 0.631875 0.390000 0.066250 0.073333
0 0.592500 0.350000 0.057500 0.060000
0 0.558125 0.314167 0.046250 0.051667
0 0.590000 0.290833 0.047500 0.055000
0 0.530625 0.299167 0.033750 0.035000
0 0.515625 0.280000 0.033750 0.033333
0 0.526875 0.255833 0.031250 0.028333
