0 0.279375 0.434167 0.058750 0.078333
0 0.286250 0.382500 0.047500 0.045000
0 0.313750 0.285000 0.032500 0.036667
0 0.418750 0.270000 0.032500 0.036667
0 0.391250 0.217500 0.020000 0.021667
0 0.873750 0.602500 0.147500 0.151667
0 0.945000 0.490833 0.110000 0.108333
0 0.741250 0.482500 0.107500 0.111667
0 0.666250 0.407500 0.077500 0.081667
0 0.599375 0.360833 0.056250 0.061667
0 0.569375 0.326667 0.048750 0.053333
0 0.543125 0.310833 0.036250 0.045000
0 0.524375 0.292500 0.031250 0.038333
0 0.507500 0.276667 0.030000 0.030000
0 0.543125 0.265833 0.033750 0.041667
