0 0.280625 0.421667 0.061250 0.066667
0 0.301250 0.322500 0.040000 0.045000
0 0.365625 0.312500 0.048750 0.055000
0 0.375000 0.263333 0.030000 0.030000
0 0.392500 0.620833 0.120000 0.171667
0 0.530000 0.296667 0.037500 0.040000
0 0.549375 0.315833 0.041250 0.045000
0 0.598750 0.299167 0.050000 0.055000
0 0.579375 0.335833 0.048750 0.051667
0 0.613750 0.364167 0.060000 0.061667
0 0.662500 0.404167 0.082500 0.085000
0 0.939375 0.682500 0.121250 0.198333
0 0.961250 0.567500 0.077500 0.105000
2 0.831250 0.530833 0.135000 0.158333
2 0.743125 0.461667 0.101250 0.130000
2 0.830000 0.439167 0.122500 0.145000
0 0.529375 0.255833 0.031250 0.028333
0 0.510625 0.278333 0.031250 0.040000
