0 0.358125 0.235833 0.023750 0.021667
0 0.311875 0.283333 0.028750 0.030000
0 0.316250 0.252500 0.027500 0.025000
0 0.290000 0.385833 0.047500 0.051667
0 0.386875 0.336667 0.041250 0.046667
0 0.483750 0.462500 0.070000 0.085000
0 0.606250 0.364167 0.060000 0.068333
0 0.563125 0.311667 0.048750 0.053333
0 0.525625 0.287500 0.041250 0.041667
0 0.506250 0.275833 0.025000 0.031667
0 0.493125 0.260833 0.028750 0.031667
3 0.727500 0.407500 0.162500 0.188333
2 0.858125 0.534167 0.141250 0.155000
2 0.525625 0.661667 0.136250 0.206667
2 0.956250 0.659167 0.087500 0.245000
