0 0.355625 0.907500 0.218750 0.178333
0 0.468125 0.446667 0.068750 0.083333
0 0.286250 0.388333 0.050000 0.056667
0 0.405625 0.341667 0.048750 0.050000
0 0.371875 0.306667 0.036250 0.040000
0 0.311875 0.292500 0.033750 0.035000
0 0.298125 0.340833 0.043750 0.045000
0 0.380000 0.238333 0.020000 0.026667
0 0.351875 0.221667 0.021250 0.020000
0 0.813750 0.445000 0.107500 0.113333
0 0.489375 0.262500 0.026250 0.031667
0 0.472500 0.245833 0.022500 0.025000
3 0.655000 0.370000 0.155000 0.163333
0 0.538125 0.297500 0.046250 0.048333
2 0.501875 0.236667 0.026250 0.030000
0 0.544375 0.268333 0.031250 0.033333
