4 0.229375 0.697500 0.046250 0.148333
0 0.390000 0.891667 0.210000 0.216667
0 0.280625 0.425000 0.061250 0.073333
0 0.423750 0.439167 0.072500 0.088333
3 0.377500 0.291667 0.065000 0.133333
0 0.940000 0.695000 0.120000 0.200000
0 0.836250 0.567500 0.122500 0.128333
0 0.726875 0.465000 0.096250 0.103333
0 0.806250 0.460000 0.087500 0.080000
0 0.739375 0.412500 0.068750 0.055000
0 0.689375 0.375000 0.058750 0.060000
0 0.603125 0.360833 0.056250 0.071667
0 0.648125 0.340833 0.053750 0.041667
0 0.568750 0.330833 0.037500 0.038333
0 0.611875 0.319167 0.041250 0.028333
0 0.543125 0.310000 0.038750 0.043333
2 0.513125 0.244167 0.028750 0.035000
2 0.928750 0.520833 0.140000 0.151667
2 0.648125 0.395833 0.073750 0.091667
