0 0.366875 0.270833 0.026250 0.028333
0 0.347500 0.220000 0.015000 0.016667
0 0.391250 0.218333 0.015000 0.016667
0 0.310625 0.282500 0.028750 0.041667
0 0.303125 0.325000 0.031250 0.043333
0 0.280000 0.423333 0.052500 0.063333
0 0.623750 0.388333 0.060000 0.070000
0 0.680000 0.425000 0.077500 0.083333
0 0.800000 0.536667 0.117500 0.123333
0 0.907500 0.635833 0.137500 0.151667
0 0.566250 0.326667 0.047500 0.053333
0 0.538125 0.263333 0.026250 0.030000
0 0.483125 0.255833 0.026250 0.025000
0 0.508125 0.275833 0.028750 0.038333
0 0.529375 0.300833 0.036250 0.038333
2 0.890000 0.445833 0.100000 0.105000
2 0.574375 0.750000 0.201250 0.296667
