0 0.281875 0.420000 0.053750 0.060000
0 0.291875 0.377500 0.046250 0.051667
0 0.416875 0.279167 0.028750 0.031667
0 0.390000 0.386667 0.052500 0.063333
0 0.403750 0.563333 0.082500 0.110000
3 0.359375 0.249167 0.036250 0.051667
0 0.942500 0.694167 0.115000 0.161667
0 0.649375 0.399167 0.068750 0.065000
0 0.660625 0.350833 0.053750 0.058333
0 0.596875 0.350833 0.053750 0.065000
0 0.471250 0.241667 0.025000 0.026667
0 0.503125 0.270000 0.033750 0.036667
0 0.534375 0.303333 0.026250 0.036667
0 0.565625 0.319167 0.043750 0.051667
2 0.613125 0.305833 0.048750 0.061667
0 0.709375 0.445000 0.063750 0.073333
0 0.766875 0.397500 0.078750 0.041667
2 0.803125 0.501667 0.141250 0.173333
