0 0.553125 0.444167 0.088750 0.091667
0 0.285000 0.387500 0.042500 0.055000
0 0.414375 0.270833 0.033750 0.031667
0 0.311250 0.280000 0.027500 0.033333
0 0.903125 0.963333 0.193750 0.073333
0 0.379375 0.214167 0.018750 0.018333
0 0.358125 0.236667 0.021250 0.023333
0 0.866875 0.577500 0.151250 0.145000
0 0.959375 0.714167 0.081250 0.195000
0 0.938125 0.550000 0.103750 0.116667
0 0.859375 0.473333 0.096250 0.073333
0 0.743750 0.481667 0.097500 0.100000
0 0.765625 0.419167 0.078750 0.078333
0 0.679375 0.420833 0.073750 0.068333
0 0.707500 0.382500 0.065000 0.058333
0 0.628125 0.366667 0.073750 0.070000
0 0.576250 0.334167 0.047500 0.051667
3 0.550625 0.285000 0.056250 0.083333
3 0.508125 0.261667 0.076250 0.083333
0 0.594375 0.305000 0.036250 0.036667
0 0.650625 0.343333 0.058750 0.050000
0 0.628125 0.318333 0.041250 0.026667
