0 0.389375 0.344167 0.048750 0.055000
0 0.375000 0.273333 0.025000 0.026667
0 0.390625 0.226667 0.018750 0.020000
0 0.290000 0.385000 0.050000 0.053333
0 0.311875 0.284167 0.028750 0.031667
0 0.317500 0.254167 0.027500 0.025000
3 0.357500 0.221667 0.027500 0.043333
2 0.358750 0.777500 0.232500 0.298333
3 0.197500 0.900000 0.330000 0.200000
3 0.904375 0.558333 0.191250 0.313333
3 0.691250 0.400000 0.170000 0.173333
3 0.577500 0.297500 0.135000 0.155000
0 0.505625 0.275833 0.021250 0.031667
0 0.495000 0.263333 0.027500 0.030000
0 0.483750 0.247500 0.027500 0.031667
