2 0.675625 0.399167 0.086250 0.095000
0 0.880000 0.500833 0.107500 0.101667
0 0.943750 0.675833 0.110000 0.228333
0 0.385000 0.602500 0.097500 0.121667
0 0.278750 0.416667 0.052500 0.063333
3 0.405000 0.357500 0.082500 0.131667
3 0.298125 0.333333 0.043750 0.043333
3 0.310000 0.290000 0.027500 0.026667
3 0.620000 0.315833 0.045000 0.048333
3 0.573125 0.320000 0.053750 0.056667
3 0.533750 0.292500 0.032500 0.038333
3 0.510625 0.272500 0.028750 0.028333
3 0.578750 0.280000 0.025000 0.026667
3 0.559375 0.274167 0.023750 0.028333
3 0.536875 0.257500 0.018750 0.021667
