0 0.284375 0.390000 0.048750 0.046667
0 0.312500 0.279167 0.025000 0.031667
0 0.363125 0.248333 0.023750 0.023333
0 0.379375 0.284167 0.031250 0.031667
0 0.383750 0.324167 0.042500 0.045000
0 0.408750 0.421667 0.072500 0.080000
3 0.520625 0.361667 0.111250 0.163333
2 0.643125 0.547500 0.128750 0.161667
0 0.798125 0.774167 0.188750 0.205000
2 0.903750 0.603333 0.160000 0.193333
0 0.953125 0.561667 0.093750 0.136667
0 0.705625 0.438333 0.078750 0.080000
0 0.715625 0.385833 0.066250 0.058333
0 0.560000 0.280833 0.035000 0.031667
0 0.610625 0.350833 0.058750 0.061667
