0 0.280625 0.424167 0.063750 0.061667
0 0.362500 0.300833 0.035000 0.038333
0 0.305625 0.296667 0.038750 0.040000
0 0.518125 0.252500 0.028750 0.025000
0 0.563750 0.320833 0.050000 0.048333
0 0.595000 0.353333 0.052500 0.050000
0 0.639375 0.388333 0.061250 0.070000
0 0.682500 0.428333 0.080000 0.083333
0 0.750000 0.494167 0.102500 0.105000
0 0.797500 0.444167 0.085000 0.091667
0 0.916250 0.539167 0.117500 0.125000
0 0.850625 0.585833 0.133750 0.148333
0 0.946250 0.707500 0.107500 0.171667
2 0.540000 0.289167 0.047500 0.058333
2 0.360625 0.244167 0.028750 0.035000
