0 0.354375 0.231667 0.016250 0.023333
0 0.310625 0.282500 0.028750 0.041667
0 0.379375 0.301667 0.033750 0.050000
0 0.397500 0.424167 0.055000 0.068333
0 0.280000 0.423333 0.052500 0.063333
0 0.592500 0.350833 0.050000 0.055000
0 0.558750 0.275833 0.025000 0.025000
0 0.576250 0.293333 0.030000 0.036667
0 0.693750 0.368333 0.067500 0.083333
2 0.670000 0.404167 0.077500 0.098333
2 0.544375 0.301667 0.043750 0.060000
2 0.610625 0.305833 0.051250 0.061667
3 0.513125 0.269167 0.041250 0.065000
3 0.885625 0.580000 0.228750 0.443333
0 0.473125 0.247500 0.023750 0.031667
0 0.485000 0.260000 0.017500 0.030000
