0 0.361250 0.255833 0.025000 0.025000
0 0.386875 0.295833 0.036250 0.035000
0 0.279375 0.415000 0.051250 0.063333
0 0.298750 0.335833 0.040000 0.041667
0 0.310000 0.290833 0.025000 0.028333
0 0.560625 0.315833 0.046250 0.045000
0 0.629375 0.374167 0.063750 0.061667
0 0.725000 0.460833 0.085000 0.088333
0 0.928750 0.652500 0.142500 0.145000
0 0.522500 0.284167 0.030000 0.028333
0 0.515625 0.242500 0.023750 0.021667
2 0.480000 0.242500 0.027500 0.035000
0 0.501250 0.260000 0.032500 0.030000
0 0.396875 0.490000 0.078750 0.086667
0 0.220000 0.968333 0.202500 0.063333
