4 0.312500 0.442500 0.032500 0.091667
4 0.913750 0.531667 0.057500 0.100000
0 0.797500 0.529167 0.115000 0.128333
0 0.279375 0.421667 0.056250 0.063333
0 0.513750 0.403333 0.075000 0.083333
0 0.458125 0.327500 0.051250 0.051667
0 0.302500 0.325833 0.040000 0.041667
0 0.697500 0.440000 0.087500 0.093333
0 0.771875 0.380833 0.068750 0.065000
0 0.621875 0.370833 0.071250 0.081667
0 0.587500 0.346667 0.042500 0.053333
0 0.561250 0.323333 0.042500 0.043333
0 0.610000 0.291667 0.040000 0.040000
2 0.541250 0.300833 0.042500 0.051667
2 0.523125 0.282500 0.041250 0.048333
