0 0.414375 0.446667 0.068750 0.080000
0 0.279375 0.419167 0.053750 0.058333
0 0.304375 0.320833 0.033750 0.041667
0 0.310000 0.282500 0.032500 0.041667
0 0.544375 0.298333 0.036250 0.043333
0 0.561875 0.315833 0.028750 0.041667
0 0.610000 0.312500 0.047500 0.048333
0 0.585000 0.337500 0.047500 0.058333
0 0.625000 0.368333 0.062500 0.070000
0 0.786250 0.435833 0.087500 0.091667
0 0.671875 0.419167 0.076250 0.071667
0 0.748125 0.478333 0.096250 0.093333
0 0.874375 0.594167 0.131250 0.128333
0 0.976875 0.596667 0.046250 0.086667
0 0.967500 0.718333 0.065000 0.146667
0 0.302500 0.898333 0.210000 0.203333
3 0.493750 0.235833 0.062500 0.078333
2 0.525000 0.279167 0.035000 0.045000
