0 0.288750 0.386667 0.052500 0.056667
0 0.301875 0.317500 0.038750 0.045000
0 0.390000 0.335000 0.047500 0.046667
0 0.471250 0.342500 0.057500 0.051667
0 0.419375 0.265833 0.036250 0.035000
0 0.519375 0.245833 0.031250 0.038333
0 0.518750 0.286667 0.037500 0.040000
0 0.543750 0.305833 0.037500 0.048333
0 0.583125 0.288333 0.043750 0.040000
0 0.579375 0.328333 0.058750 0.070000
0 0.631875 0.375000 0.066250 0.070000
0 0.698125 0.375833 0.066250 0.068333
0 0.668125 0.415833 0.078750 0.078333
0 0.769375 0.482500 0.113750 0.118333
0 0.691250 0.655000 0.160000 0.160000
0 0.851250 0.566667 0.142500 0.143333
4 0.329375 0.389167 0.026250 0.075000
3 0.379375 0.281667 0.038750 0.053333
