0 0.507500 0.390833 0.062500 0.058333
0 0.706875 0.436667 0.083750 0.083333
0 0.816875 0.544167 0.111250 0.115000
0 0.603125 0.528333 0.096250 0.090000
0 0.443125 0.301667 0.038750 0.043333
0 0.406250 0.258333 0.025000 0.026667
0 0.365625 0.262500 0.023750 0.028333
0 0.317500 0.267500 0.025000 0.025000
0 0.299375 0.305000 0.031250 0.026667
0 0.302500 0.340833 0.040000 0.035000
0 0.293750 0.380833 0.042500 0.058333
0 0.278750 0.420833 0.052500 0.058333
0 0.894375 0.913333 0.211250 0.173333
0 0.524375 0.290000 0.033750 0.036667
0 0.549375 0.310833 0.041250 0.048333
3 0.493125 0.236667 0.073750 0.080000
3 0.606875 0.331667 0.083750 0.106667
2 0.510000 0.273333 0.032500 0.043333
