3 0.474375 0.231667 0.041250 0.060000
3 0.538125 0.285000 0.076250 0.093333
2 0.656250 0.393333 0.087500 0.103333
2 0.807500 0.517500 0.140000 0.175000
0 0.394375 0.800833 0.186250 0.251667
0 0.921250 0.636667 0.157500 0.173333
0 0.713750 0.451667 0.085000 0.096667
0 0.666875 0.346667 0.058750 0.053333
0 0.596250 0.348333 0.060000 0.063333
0 0.566250 0.325000 0.042500 0.050000
0 0.407500 0.279167 0.035000 0.041667
0 0.378125 0.355000 0.056250 0.066667
0 0.290000 0.387500 0.052500 0.051667
0 0.303750 0.323333 0.037500 0.043333
2 0.360000 0.250000 0.030000 0.036667
