0 0.371250 0.343333 0.040000 0.046667
0 0.458750 0.330000 0.042500 0.043333
0 0.509375 0.403333 0.058750 0.060000
0 0.388125 0.693333 0.116250 0.153333
0 0.421250 0.287500 0.032500 0.035000
0 0.358125 0.258333 0.023750 0.026667
0 0.310000 0.284167 0.027500 0.031667
0 0.280000 0.420833 0.055000 0.058333
0 0.395000 0.244167 0.022500 0.018333
0 0.724375 0.390000 0.068750 0.070000
0 0.673750 0.415000 0.075000 0.073333
0 0.831875 0.557500 0.121250 0.125000
0 0.886875 0.513333 0.101250 0.093333
3 0.620625 0.341667 0.088750 0.106667
3 0.946250 0.655833 0.107500 0.255000
1 0.522500 0.228333 0.042500 0.040000
0 0.564375 0.334167 0.038750 0.045000
0 0.560625 0.275000 0.031250 0.033333
0 0.553125 0.312500 0.036250 0.038333
0 0.524375 0.285000 0.038750 0.043333
0 0.495000 0.270833 0.020000 0.035000
0 0.483125 0.257500 0.023750 0.035000
