0 0.280000 0.424167 0.065000 0.068333
0 0.300625 0.322500 0.038750 0.041667
0 0.403750 0.269167 0.037500 0.045000
0 0.393125 0.423333 0.058750 0.070000
0 0.411250 0.588333 0.102500 0.133333
0 0.523750 0.289167 0.035000 0.038333
0 0.547500 0.306667 0.045000 0.050000
0 0.580625 0.330000 0.061250 0.070000
0 0.650000 0.345000 0.055000 0.063333
0 0.629375 0.385000 0.066250 0.070000
0 0.673750 0.425000 0.067500 0.083333
2 0.754375 0.473333 0.113750 0.130000
0 0.820625 0.460000 0.088750 0.093333
0 0.843750 0.576667 0.145000 0.163333
0 0.918750 0.535833 0.130000 0.135000
0 0.956875 0.711667 0.086250 0.203333
2 0.711250 0.374167 0.080000 0.085000
