0 0.279375 0.424167 0.063750 0.068333
0 0.396875 0.428333 0.063750 0.083333
0 0.301250 0.323333 0.037500 0.040000
0 0.424375 0.601667 0.113750 0.146667
0 0.522500 0.256667 0.030000 0.026667
0 0.523125 0.294167 0.031250 0.038333
0 0.546875 0.305000 0.048750 0.050000
0 0.576250 0.333333 0.055000 0.053333
0 0.618750 0.374167 0.067500 0.075000
0 0.672500 0.416667 0.082500 0.090000
0 0.733125 0.470833 0.091250 0.105000
0 0.821875 0.540000 0.118750 0.146667
0 0.904375 0.520833 0.121250 0.135000
0 0.936875 0.675833 0.126250 0.191667
