0 0.281250 0.421667 0.055000 0.063333
0 0.300625 0.340000 0.038750 0.040000
0 0.299375 0.308333 0.036250 0.023333
0 0.369375 0.289167 0.033750 0.035000
0 0.392500 0.339167 0.040000 0.041667
0 0.477500 0.350833 0.045000 0.048333
0 0.316250 0.265833 0.022500 0.028333
0 0.359375 0.249167 0.023750 0.025000
0 0.388125 0.229167 0.021250 0.021667
0 0.526875 0.290833 0.033750 0.035000
0 0.592500 0.303333 0.040000 0.040000
0 0.955000 0.505833 0.090000 0.095000
0 0.433750 0.299167 0.042500 0.048333
3 0.706250 0.418333 0.182500 0.183333
