0 0.280000 0.424167 0.065000 0.068333
0 0.385625 0.363333 0.053750 0.066667
0 0.300000 0.321667 0.040000 0.043333
0 0.872500 0.606667 0.152500 0.166667
0 0.951250 0.570000 0.097500 0.133333
0 0.967500 0.730000 0.065000 0.170000
0 0.756875 0.501667 0.116250 0.116667
0 0.833750 0.476667 0.102500 0.100000
0 0.698750 0.433333 0.097500 0.110000
0 0.765625 0.416667 0.076250 0.083333
0 0.696875 0.373333 0.068750 0.060000
0 0.603125 0.356667 0.068750 0.073333
0 0.650000 0.345833 0.050000 0.051667
0 0.571250 0.330833 0.045000 0.051667
0 0.621875 0.314167 0.043750 0.045000
0 0.548125 0.310000 0.041250 0.040000
0 0.525625 0.292500 0.033750 0.038333
