0 0.311875 0.282500 0.028750 0.035000
0 0.290000 0.385833 0.047500 0.051667
0 0.352500 0.219167 0.015000 0.021667
0 0.382500 0.218333 0.017500 0.020000
0 0.395000 0.240000 0.020000 0.020000
0 0.373750 0.290000 0.030000 0.033333
0 0.388125 0.342500 0.046250 0.055000
0 0.463125 0.315000 0.043750 0.050000
0 0.530000 0.416667 0.070000 0.066667
0 0.668125 0.610000 0.128750 0.133333
4 0.422500 0.279167 0.015000 0.031667
0 0.496875 0.229167 0.021250 0.018333
0 0.494375 0.262500 0.028750 0.028333
0 0.527500 0.258333 0.027500 0.030000
0 0.551250 0.305833 0.045000 0.051667
0 0.590000 0.337500 0.055000 0.058333
0 0.623750 0.370833 0.065000 0.068333
0 0.676875 0.420000 0.076250 0.073333
0 0.771250 0.431667 0.082500 0.076667
0 0.791875 0.525000 0.103750 0.103333
3 0.936250 0.644167 0.127500 0.261667
