0 0.402500 0.712500 0.142500 0.231667
0 0.280000 0.418333 0.060000 0.063333
0 0.391875 0.406667 0.063750 0.076667
0 0.301250 0.321667 0.045000 0.050000
0 0.563125 0.316667 0.053750 0.063333
0 0.590000 0.294167 0.045000 0.048333
0 0.612500 0.351667 0.057500 0.070000
0 0.643125 0.391667 0.071250 0.073333
0 0.635000 0.330000 0.047500 0.050000
0 0.707500 0.445000 0.090000 0.096667
0 0.791250 0.440833 0.087500 0.085000
0 0.803750 0.520833 0.117500 0.125000
2 0.935625 0.550000 0.128750 0.196667
2 0.373125 0.305833 0.056250 0.068333
3 0.706875 0.355000 0.116250 0.123333
3 0.518125 0.267500 0.081250 0.091667
